476
9871.06
-296.068
2269.46
11037.4
-296.068
2271.02
9868.81
-296.068
2094.78
1
11037.4
-296.068
2271.02
11045.3
-296.068
2086.25
9868.81
-296.068
2094.78
1
9868.05
-296.068
2351.23
11037.4
-296.068
2271.02
9871.06
-296.068
2269.46
1
11027.5
-296.068
2367.8
11037.4
-296.068
2271.02
9868.05
-296.068
2351.23
1
11027.5
-296.068
2367.8
9868.05
-296.068
2351.23
10170.7
-296.068
2654.96
1
10170.7
-296.068
2654.96
10737.8
-296.068
2656.76
11027.5
-296.068
2367.8
1
9657.71
-296.068
2750.36
9868.05
-296.068
2351.23
10170.7
-296.068
2654.96
1
9657.71
-296.068
2750.36
10160.6
-296.068
2738.26
10170.7
-296.068
2654.96
1
9657.71
-296.068
2750.36
9868.05
-296.068
2351.23
9634.78
-296.068
2365.91
1
9473.6
-296.068
2582.91
9657.71
-296.068
2750.36
9634.78
-296.068
2365.91
1
11240.6
-296.068
2750.41
11027.5
-296.068
2367.8
10737.8
-296.068
2656.76
1
10735.3
-296.068
2734.68
11240.6
-296.068
2750.41
10737.8
-296.068
2656.76
1
11240.6
-296.068
2750.41
11339.9
-296.068
2398.24
11027.5
-296.068
2367.8
1
11240.6
-296.068
2750.41
11451.6
-296.068
2562.44
11339.9
-296.068
2398.24
1
9642.34
-233.857
2309.04
9868.81
-296.068
2094.78
9871.06
-296.068
2269.46
1
9573.03
-234.008
2143.63
9642.34
-233.857
2309.04
9868.81
-296.068
2094.78
1
9407.85
-192.92
2226.18
9642.34
-233.857
2309.04
9573.03
-234.008
2143.63
1
9407.85
-192.92
2226.18
9535.01
-192.879
2355.85
9642.34
-233.857
2309.04
1
9463.26
-151.79
2433.62
9535.01
-192.879
2355.85
9407.85
-192.92
2226.18
1
9296.51
-151.653
2361.74
9463.26
-151.79
2433.62
9407.85
-192.92
2226.18
1
9256.22
-102.493
2520.76
9463.26
-151.79
2433.62
9296.51
-151.653
2361.74
1
9256.22
-102.493
2520.76
9427.89
-102.53
2544.19
9463.26
-151.79
2433.62
1
9285.12
-45.0969
2693.67
9427.89
-102.53
2544.19
9256.22
-102.493
2520.76
1
9285.12
-45.0969
2693.67
9461.65
-45.0493
2689.16
9427.89
-102.53
2544.19
1
9344.91
0
2812.14
9461.65
-45.0493
2689.16
9285.12
-45.0969
2693.67
1
9344.91
0
2812.14
9536.02
-0.00012207
2815.07
9461.65
-45.0493
2689.16
1
11190.5
-258.534
2288.51
11045.3
-296.068
2086.25
11037.4
-296.068
2271.02
1
11190.5
-258.534
2288.51
11241.1
-258.539
2105.99
11045.3
-296.068
2086.25
1
11332.3
-209.317
2335.86
11241.1
-258.539
2105.99
11190.5
-258.534
2288.51
1
11332.3
-209.317
2335.86
11442.9
-209.313
2194.05
11241.1
-258.539
2105.99
1
11446.1
-151.753
2435.93
11442.9
-209.313
2194.05
11332.3
-209.317
2335.86
1
11446.1
-151.753
2435.93
11610.8
-151.699
2359.45
11442.9
-209.313
2194.05
1
11479.8
-102.561
2543.22
11610.8
-151.699
2359.45
11446.1
-151.753
2435.93
1
11479.8
-102.561
2543.22
11662.5
-102.485
2519.81
11610.8
-151.699
2359.45
1
11448.7
-45.1443
2684.41
11662.5
-102.485
2519.81
11479.8
-102.561
2543.22
1
11448.7
-45.1443
2684.41
11636.8
-45.1671
2690.21
11662.5
-102.485
2519.81
1
11383
-0.00012207
2809.79
11636.8
-45.1671
2690.21
11448.7
-45.1443
2684.41
1
11383
-0.00012207
2809.79
11567.4
-6.10352e-005
2818.61
11636.8
-45.1671
2690.21
1
11435.6
1.98169
2935.9
11567.4
-6.10352e-005
2818.61
11383
-0.00012207
2809.79
1
11435.6
1.98169
2935.9
11561.1
-6.10352e-005
2922.54
11567.4
-6.10352e-005
2818.61
1
10837.9
-6.10352e-005
2917.08
11435.6
1.98169
2935.9
11383
-0.00012207
2809.79
1
10837.9
-6.10352e-005
2917.08
11383
-0.00012207
2809.79
10683.6
0
2799.82
1
10517.2
3.2193
2986.45
10837.9
-6.10352e-005
2917.08
10683.6
0
2799.82
1
10517.2
3.2193
2986.45
10683.6
0
2799.82
10230
-0.00012207
2802.52
1
10387.7
-0.000183105
2981.42
10517.2
3.2193
2986.45
10230
-0.00012207
2802.52
1
10062.4
3.21936
2922.58
10387.7
-0.000183105
2981.42
10230
-0.00012207
2802.52
1
10062.4
3.21936
2922.58
10230
-0.00012207
2802.52
9536.02
-0.00012207
2815.07
1
9337.69
-6.10352e-005
2915.34
10062.4
3.21936
2922.58
9536.02
-0.00012207
2815.07
1
9344.91
0
2812.14
9536.02
-0.00012207
2815.07
9337.69
-6.10352e-005
2915.34
1
10230
-0.00012207
2802.52
10683.6
0
2799.82
10226.8
0
2704.16
1
10683.6
0
2799.82
10681
-3.05176e-005
2701.12
10226.8
0
2704.16
1
10388.6
-6.10352e-005
3060.34
10517.2
3.2193
2986.45
10387.7
-0.000183105
2981.42
1
10388.6
-6.10352e-005
3060.34
10517.4
3.21942
3060.08
10517.2
3.2193
2986.45
1
10355
3.2804
3549.32
10517.4
3.21942
3060.08
10388.6
-6.10352e-005
3060.34
1
10355
3.2804
3549.32
10679.1
-0.00012207
3563.48
10517.4
3.21942
3060.08
1
10679.1
-0.00012207
3563.48
10678.9
0
3064.82
10517.4
3.21942
3060.08
1
10254.1
3.2804
3421.34
10355
3.2804
3549.32
10388.6
-6.10352e-005
3060.34
1
10254.1
3.2804
3421.34
10388.6
-6.10352e-005
3060.34
10212.1
-0.00012207
3061.69
1
10211.8
-0.00012207
3416.8
10254.1
3.2804
3421.34
10212.1
-0.00012207
3061.69
1
10255.5
3.28027
3547.29
10355
3.2804
3549.32
10254.1
3.2804
3421.34
1
10355
3.2804
3549.32
10362.3
-0.00012207
3715.85
10679.1
-0.00012207
3563.48
1
10362.3
-0.00012207
3715.85
10683
-0.00012207
4221.03
10679.1
-0.00012207
3563.48
1
10362.3
-0.00012207
3715.85
10366.2
3.31775
4058.98
10683
-0.00012207
4221.03
1
10366.2
3.31775
4058.98
10349.7
0
4222.48
10683
-0.00012207
4221.03
1
10252.8
67.5449
3710.97
10366.2
3.31775
4058.98
10362.3
-0.00012207
3715.85
1
10252.8
67.5449
3710.97
10265.1
67.3309
4047.01
10366.2
3.31775
4058.98
1
10137.2
63.7499
4110.48
10265.1
67.3309
4047.01
10252.8
67.5449
3710.97
1
10129.6
63.7499
3633.75
10137.2
63.7499
4110.48
10252.8
67.5449
3710.97
1
10137.2
63.7499
4110.48
10258.9
63.7498
4166.35
10265.1
67.3309
4047.01
1
10129.6
63.7499
3633.75
10252.8
67.5449
3710.97
10261.1
63.75
3598.56
1
10349.7
0
4222.48
10582.7
0
4563.29
10683
-0.00012207
4221.03
1
10582.7
0
4563.29
10678.1
-0.00012207
4562.87
10683
-0.00012207
4221.03
1
10349.7
0
4222.48
10313.4
0
4563.32
10582.7
0
4563.29
1
10111.4
-0.000244141
4222.84
10313.4
0
4563.32
10349.7
0
4222.48
1
10111.4
-0.000244141
4222.84
10121.3
-0.00012207
4569.01
10313.4
0
4563.32
1
10313.4
0
4563.32
10563.2
64.446
4622.4
10582.7
0
4563.29
1
10313.4
0
4563.32
10352.4
66.6366
4616.07
10563.2
64.446
4622.4
1
10352.4
66.6366
4616.07
10566.5
63.7499
4751.08
10563.2
64.446
4622.4
1
10352.4
66.6366
4616.07
10343.9
63.7499
4748.84
10566.5
63.7499
4751.08
1
10343.9
63.7499
4748.84
10345.7
67.2483
4945.68
10566.5
63.7499
4751.08
1
10345.7
67.2483
4945.68
10556.1
67.2484
4946.89
10566.5
63.7499
4751.08
1
10345.7
67.2483
4945.68
10346.5
57.7604
5080.47
10556.1
67.2484
4946.89
1
10346.5
57.7604
5080.47
10554
57.7383
5079.54
10556.1
67.2484
4946.89
1
10346.5
57.7604
5080.47
10317.7
-0.00012207
5138.7
10554
57.7383
5079.54
1
10317.7
-0.00012207
5138.7
10580.5
0
5143.02
10554
57.7383
5079.54
1
10292.7
63.7499
4743.72
10345.7
67.2483
4945.68
10343.9
63.7499
4748.84
1
10292.7
63.7499
4743.72
10298
63.7499
4946.05
10345.7
67.2483
4945.68
1
10073.4
71.1021
4615.89
10298
63.7499
4946.05
10292.7
63.7499
4743.72
1
10073.4
71.1021
4615.89
10069.9
63.7499
5076.43
10298
63.7499
4946.05
1
10069.9
63.7499
5076.43
10299.8
63.7499
5079.01
10298
63.7499
4946.05
1
10073.4
71.1021
4615.89
10292.7
63.7499
4743.72
10297.6
63.75
4612.57
1
10073.4
71.1021
4615.89
10069.9
63.7499
5076.43
9518
63.7499
4669.01
1
9518
63.7499
4669.01
9533.71
63.7498
5120.33
10069.9
63.7499
5076.43
1
9533.71
63.7498
5120.33
9549.65
68.1857
5381.28
10069.9
63.7499
5076.43
1
9549.65
68.1857
5381.28
10059
63.7499
5386.56
10069.9
63.7499
5076.43
1
9929.76
66.1554
4528.25
9518
63.7499
4669.01
10073.4
71.1021
4615.89
1
9668.4
66.1554
4515.33
9518
63.7499
4669.01
9929.76
66.1554
4528.25
1
10364.5
-0.00012207
5465.92
10580.5
0
5143.02
10317.7
-0.00012207
5138.7
1
10105.8
-0.00012207
5449.11
10364.5
-0.00012207
5465.92
10317.7
-0.00012207
5138.7
1
10105.8
-0.00012207
5449.11
10317.7
-0.00012207
5138.7
10110.5
3.77161
5133.65
1
10364.5
-0.00012207
5465.92
10681.8
-0.00012207
5461.99
10580.5
0
5143.02
1
10685.3
-0.00012207
5133.74
10681.8
-0.00012207
5461.99
10580.5
0
5143.02
1
10364.5
-0.00012207
5465.92
10681.8
-0.00012207
5461.99
10369.6
0
5522.55
1
10369.6
0
5522.55
10367.1
0
5829.89
10681.8
-0.00012207
5461.99
1
10367.1
0
5829.89
10692
-0.00012207
6118.6
10681.8
-0.00012207
5461.99
1
10367.1
0
5829.89
10359.4
0
5888.2
10692
-0.00012207
6118.6
1
10287.1
62.9822
5510.05
10367.1
0
5829.89
10369.6
0
5522.55
1
10287.1
62.9822
5510.05
10286.2
67.5829
5818.42
10367.1
0
5829.89
1
10125.2
63.7499
5511.47
10286.2
67.5829
5818.42
10287.1
62.9822
5510.05
1
10125.2
63.7499
5511.47
10122
63.7499
5816.07
10286.2
67.5829
5818.42
1
10359.4
0
5888.2
10250.5
0
5980.84
10692
-0.00012207
6118.6
1
10246.8
-6.10352e-005
5887.79
10250.5
0
5980.84
10359.4
0
5888.2
1
10250.5
0
5980.84
10349.7
-0.00012207
6735.04
10692
-0.00012207
6118.6
1
10250.5
0
5980.84
10228.5
0
6733.23
10349.7
-0.00012207
6735.04
1
10349.7
-0.00012207
6735.04
10557.8
0
6732.07
10692
-0.00012207
6118.6
1
10557.8
0
6732.07
10687.1
-0.00012207
6729.85
10692
-0.00012207
6118.6
1
10349.7
-0.00012207
6735.04
10555
1.50818
7676.9
10557.8
0
6732.07
1
10349.7
-0.00012207
6735.04
10343.6
-0.00012207
7676.41
10555
1.50818
7676.9
1
10343.6
-0.00012207
7676.41
10594
-0.00012207
8072.95
10555
1.50818
7676.9
1
10343.6
-0.00012207
7676.41
10329.2
0
8073.89
10594
-0.00012207
8072.95
1
10594
-0.00012207
8072.95
11213.1
-3.05176e-005
7667.83
10555
1.50818
7676.9
1
10594
-0.00012207
8072.95
11120.2
-6.10352e-005
8075.78
11213.1
-3.05176e-005
7667.83
1
11120.2
-6.10352e-005
8075.78
11307.1
-6.10352e-005
8079.61
11213.1
-3.05176e-005
7667.83
1
11307.1
-6.10352e-005
8079.61
11648.8
1.50806
8008.26
11213.1
-3.05176e-005
7667.83
1
11307.1
-6.10352e-005
8079.61
11648.1
1.50818
8067.6
11648.8
1.50806
8008.26
1
11648.8
1.50806
8008.26
11741.2
-1.52588e-005
7671.84
11213.1
-3.05176e-005
7667.83
1
11648.8
1.50806
8008.26
11745.8
1.5083
8010.83
11741.2
-1.52588e-005
7671.84
1
11745.8
1.5083
8010.83
12237.7
0
7670.13
11741.2
-1.52588e-005
7671.84
1
12237.6
0
8140.94
12237.7
0
7670.13
11745.8
1.5083
8010.83
1
11748.2
1.5083
8143.22
12237.6
0
8140.94
11745.8
1.5083
8010.83
1
12237.6
0
8140.94
12345.1
-1.52588e-005
7673.87
12237.7
0
7670.13
1
12237.6
0
8140.94
12344.3
4.34131
8068.11
12345.1
-1.52588e-005
7673.87
1
12344.3
4.34131
8068.11
12640.6
2.36145
8074.29
12345.1
-1.52588e-005
7673.87
1
12640.6
2.36145
8074.29
12650.9
5.01068
7672.04
12345.1
-1.52588e-005
7673.87
1
12640.6
2.36145
8074.29
12782.7
31.3237
8253.93
12650.9
5.01068
7672.04
1
12782.7
31.3237
8253.93
13099.2
3.30328
7676.52
12650.9
5.01068
7672.04
1
12782.7
31.3237
8253.93
12927.1
31.3235
8251.89
13099.2
3.30328
7676.52
1
12927.1
31.3235
8251.89
13060.1
4.47894
8157.57
13099.2
3.30328
7676.52
1
13060.1
4.47894
8157.57
13243.8
4.47913
8051.42
13099.2
3.30328
7676.52
1
13243.8
4.47913
8051.42
13496.7
0
7675.91
13099.2
3.30328
7676.52
1
13243.8
4.47913
8051.42
13490.7
-0.00012207
8062.67
13496.7
0
7675.91
1
12779
137.793
8398.32
12927.1
31.3235
8251.89
12782.7
31.3237
8253.93
1
12779
137.793
8398.32
12928.6
137.825
8399
12927.1
31.3235
8251.89
1
12650.9
5.01068
7672.04
13099.2
3.30328
7676.52
12647
-60.2808
7267.51
1
13099.2
3.30328
7676.52
13115.2
-60.2809
7265.58
12647
-60.2808
7267.51
1
11307.1
-6.10352e-005
8079.61
11120.2
-6.10352e-005
8075.78
11306.4
0
8185.65
0
11120.2
-6.10352e-005
8075.78
11119.1
-6.10352e-005
8184.66
11306.4
0
8185.65
0
10594
-0.00012207
8072.95
10329.2
0
8073.89
10585.2
3.05176e-005
8181.13
0
10585.2
3.05176e-005
8181.13
10329.2
0
8073.89
10330.9
0
8179.45
0
11306.4
0
8185.65
11119.1
-6.10352e-005
8184.66
11094.5
0
8569.51
0
11306.4
0
8185.65
11094.5
0
8569.51
11573.6
1.50818
8543.38
0
11578.5
-0.00012207
8178.53
11306.4
0
8185.65
11573.6
1.50818
8543.38
0
11119.1
-6.10352e-005
8184.66
10585.2
3.05176e-005
8181.13
11094.5
0
8569.51
0
10585.2
3.05176e-005
8181.13
10586.2
-0.00012207
8586.15
11094.5
0
8569.51
0
10585.2
3.05176e-005
8181.13
10330.9
0
8179.45
10586.2
-0.00012207
8586.15
0
10330.9
0
8179.45
10328.9
2.36133
8585.59
10586.2
-0.00012207
8586.15
0
9782.6
-0.00012207
8178.23
10330.9
0
8179.45
10328.9
2.36133
8585.59
0
9782.6
-0.00012207
8178.23
9780.43
-0.00012207
8581.27
10328.9
2.36133
8585.59
0
9782.6
-0.00012207
8178.23
9603.52
0
8192.11
9780.43
-0.00012207
8581.27
0
9603.52
0
8192.11
9338.42
-0.00012207
8548.79
9780.43
-0.00012207
8581.27
0
9603.52
0
8192.11
9343.71
1.50818
8168.67
9338.42
-0.00012207
8548.79
0
10329.2
0
8073.89
10343.6
-0.00012207
7676.41
9753.99
-0.000244141
8066.26
0
9275.83
-0.00012207
7683.21
9753.99
-0.000244141
8066.26
10343.6
-0.00012207
7676.41
0
9275.83
-0.00012207
7683.21
9608.28
-0.00012207
8063.02
9753.99
-0.000244141
8066.26
0
9275.83
-0.00012207
7683.21
9286.42
2.36145
7844.41
9608.28
-0.00012207
8063.02
0
9286.42
2.36145
7844.41
9294.99
-0.000244141
7973.18
9608.28
-0.00012207
8063.02
0
9608.28
-0.00012207
8063.02
9294.99
-0.000244141
7973.18
9281.31
-0.00012207
8066.38
0
9608.28
-0.00012207
8063.02
9753.99
-0.000244141
8066.26
9603.52
0
8192.11
0
9603.52
0
8192.11
9782.6
-0.00012207
8178.23
9753.99
-0.000244141
8066.26
0
9181.84
-1.52588e-005
7834.65
9294.99
-0.000244141
7973.18
9286.42
2.36145
7844.41
0
9181.84
-1.52588e-005
7834.65
9181.39
0
7968.55
9294.99
-0.000244141
7973.18
0
8518.38
0
8145.63
9181.39
0
7968.55
9181.84
-1.52588e-005
7834.65
0
8518.38
0
8145.63
9176.88
-6.10352e-005
8146.25
9181.39
0
7968.55
0
8010.75
-0.000244141
7741.92
8518.38
0
8145.63
9181.84
-1.52588e-005
7834.65
0
9181.84
-1.52588e-005
7834.65
9176.78
-6.10352e-005
7732.24
8010.75
-0.000244141
7741.92
0
7859.3
-0.00012207
7867.99
8518.38
0
8145.63
8010.75
-0.000244141
7741.92
0
7840.68
4.19958
8181.28
8518.38
0
8145.63
7859.3
-0.00012207
7867.99
0
7840.68
4.19958
8181.28
8517.99
-0.00012207
8202.79
8518.38
0
8145.63
0
7745.88
4.19983
8064.91
7840.68
4.19958
8181.28
7859.3
-0.00012207
7867.99
0
7589.11
4.19989
7840.04
7745.88
4.19983
8064.91
7859.3
-0.00012207
7867.99
0
7589.11
4.19989
7840.04
7589.18
4.19983
8070.19
7745.88
4.19983
8064.91
0
7306.75
1.42712
8046.73
7589.18
4.19983
8070.19
7589.11
4.19989
7840.04
0
7306.75
1.42712
8046.73
7494.49
4.20001
8186.6
7589.18
4.19983
8070.19
0
7306.75
1.42712
8046.73
7321.24
2.03821
8182.96
7494.49
4.20001
8186.6
0
7589.11
4.19989
7840.04
7271.46
1.37518
7906.68
7306.75
1.42712
8046.73
0
7271.46
1.37518
7906.68
7221.42
2.55621
7985.72
7306.75
1.42712
8046.73
0
7470.98
14.1766
7751.13
7271.46
1.37518
7906.68
7589.11
4.19989
7840.04
0
7470.98
14.1766
7751.13
7313.53
-0.00012207
7746.62
7271.46
1.37518
7906.68
0
7473.42
3.76724
7601.44
7313.53
-0.00012207
7746.62
7470.98
14.1766
7751.13
0
7473.42
3.76724
7601.44
7326.88
-3.05176e-005
7599.58
7313.53
-0.00012207
7746.62
0
7326.88
-3.05176e-005
7599.58
7473.42
3.76724
7601.44
7335.9
0
7373
0
7473.42
3.76724
7601.44
7593.16
4.19983
7558.99
7335.9
0
7373
0
7335.9
0
7373
7593.16
4.19983
7558.99
8062.51
4.19983
6828.24
0
7593.16
4.19983
7558.99
7929.91
4.19983
7560.54
8062.51
4.19983
6828.24
0
7929.91
4.19983
7560.54
8061.68
-0.000244141
7600.78
8062.51
4.19983
6828.24
0
7260.38
-0.00012207
7096.89
7335.9
0
7373
8062.51
4.19983
6828.24
0
7260.38
-0.00012207
7096.89
8062.51
4.19983
6828.24
7261.53
2.03809
6937.15
0
7261.53
2.03809
6937.15
8062.51
4.19983
6828.24
7263.7
2.03821
6849.1
0
6784.79
296.068
7094.4
7260.38
-0.00012207
7096.89
7261.53
2.03809
6937.15
0
6789.84
296.068
6924.4
6784.79
296.068
7094.4
7261.53
2.03809
6937.15
0
6478.28
299.835
6900
6784.79
296.068
7094.4
6789.84
296.068
6924.4
0
6478.28
299.835
6900
6456.77
296.068
7116.88
6784.79
296.068
7094.4
0
6777.49
296.068
6829.6
6478.28
299.835
6900
6789.84
296.068
6924.4
0
6466.04
296.068
6833.96
6478.28
299.835
6900
6777.49
296.068
6829.6
0
6784.79
296.068
7094.4
6456.77
296.068
7116.88
6730.22
297.608
7204.22
0
6456.77
296.068
7116.88
6739.46
296.068
8730.46
6730.22
297.608
7204.22
0
6456.77
296.068
7116.88
6452.84
296.068
9105.74
6739.46
296.068
8730.46
0
6739.46
296.068
8730.46
6452.84
296.068
9105.74
6788.85
296.068
8829.99
0
6788.85
296.068
8829.99
6452.84
296.068
9105.74
6782.27
296.068
9012.91
0
6782.27
296.068
9012.91
6452.84
296.068
9105.74
6774.91
296.068
9102.55
0
6788.85
296.068
8829.99
6782.27
296.068
9012.91
7248.86
0
8843.23
0
6782.27
296.068
9012.91
7253.47
-6.10352e-005
9006.93
7248.86
0
8843.23
0
7253.47
-6.10352e-005
9006.93
7248.86
0
8843.23
7321.45
-3.05176e-005
9094.03
0
7248.86
0
8843.23
7321.45
-3.05176e-005
9094.03
7301.33
-6.10352e-005
8744.86
0
7321.45
-3.05176e-005
9094.03
7481.76
0
9083.06
7301.33
-6.10352e-005
8744.86
0
7481.76
0
9083.06
7323.09
2.03821
8320.74
7301.33
-6.10352e-005
8744.86
0
7481.76
0
9083.06
8095.71
1.18213
9095.61
7323.09
2.03821
8320.74
0
8095.71
1.18213
9095.61
8108.85
-0.000244141
8307.48
7323.09
2.03821
8320.74
0
7330.38
0
9175.31
7481.76
0
9083.06
7321.45
-3.05176e-005
9094.03
0
7330.38
0
9175.31
7462.6
-3.05176e-005
9176.89
7481.76
0
9083.06
0
7330.38
0
9175.31
7203.05
3.28027
9556.9
7462.6
-3.05176e-005
9176.89
0
7301.91
3.2804
9667.48
7203.05
3.28027
9556.9
7462.6
-3.05176e-005
9176.89
0
7157.14
-0.00012207
9183.47
7203.05
3.28027
9556.9
7330.38
0
9175.31
0
7157.14
-0.00012207
9183.47
7154.07
3.28052
9551.87
7203.05
3.28027
9556.9
0
7203.05
3.28027
9556.9
7199.55
3.2804
9662.35
7301.91
3.2804
9667.48
0
7462.6
-3.05176e-005
9176.89
7301.91
3.2804
9667.48
7626.9
0
9659.33
0
7621.84
-6.10352e-005
9181.76
7626.9
0
9659.33
7462.6
-3.05176e-005
9176.89
0
7301.91
3.2804
9667.48
7298.17
-0.000244141
9834.06
7626.9
0
9659.33
0
7298.17
-0.000244141
9834.06
7630.69
0
10346.1
7626.9
0
9659.33
0
7298.17
-0.000244141
9834.06
7303.21
3.3175
10179
7630.69
0
10346.1
0
7303.21
3.3175
10179
7294.27
-0.00012207
10349.4
7630.69
0
10346.1
0
7200.3
67.4789
9831.49
7303.21
3.3175
10179
7298.17
-0.000244141
9834.06
0
7200.3
67.4789
9831.49
7207.05
67.116
10176.4
7303.21
3.3175
10179
0
7084.32
63.7499
9760.64
7207.05
67.116
10176.4
7200.3
67.4789
9831.49
0
7084.32
63.7499
9760.64
7200.3
67.4789
9831.49
7201.98
63.75
9727.07
0
7084.32
63.7499
9760.64
7083.88
63.7499
10228
7207.05
67.116
10176.4
0
7197.41
63.7499
10286.1
7207.05
67.116
10176.4
7083.88
63.7499
10228
0
7294.27
-0.00012207
10349.4
7518.66
-0.00012207
10682.3
7630.69
0
10346.1
0
7518.66
-0.00012207
10682.3
7614.39
-0.00012207
10691.3
7630.69
0
10346.1
0
7294.27
-0.00012207
10349.4
7254.42
-0.00012207
10685.3
7518.66
-0.00012207
10682.3
0
7066.72
-0.00012207
10346.1
7254.42
-0.00012207
10685.3
7294.27
-0.00012207
10349.4
0
7066.72
-0.00012207
10346.1
7062.96
-0.00012207
10690.7
7254.42
-0.00012207
10685.3
0
7254.42
-0.00012207
10685.3
7518.66
-0.00012207
10682.3
7285.58
57.8478
10731.8
0
7285.58
57.8478
10731.8
7508.24
57.7085
10735.5
7518.66
-0.00012207
10682.3
0
7285.58
57.8478
10731.8
7292.83
63.7499
10861.5
7508.24
57.7085
10735.5
0
7292.83
63.7499
10861.5
7509.22
63.7499
10860.1
7508.24
57.7085
10735.5
0
7292.83
63.7499
10861.5
7285.05
67.2484
11067.3
7509.22
63.7499
10860.1
0
7285.05
67.2484
11067.3
7511.11
63.7499
11068.5
7509.22
63.7499
10860.1
0
7285.05
67.2484
11067.3
7287.67
57.6815
11204.2
7511.11
63.7499
11068.5
0
7287.67
57.6815
11204.2
7496.23
57.7015
11199.7
7511.11
63.7499
11068.5
0
7287.67
57.6815
11204.2
7257.7
-0.00012207
11248.1
7496.23
57.7015
11199.7
0
7257.7
-0.00012207
11248.1
7515.44
-0.00012207
11249.4
7496.23
57.7015
11199.7
0
7568
63.75
11067.7
7509.22
63.7499
10860.1
7511.11
63.7499
11068.5
0
7568
63.75
11067.7
7561.41
63.7499
10861.1
7509.22
63.7499
10860.1
0
7896.94
63.7499
10965.5
7561.41
63.7499
10861.1
7568
63.75
11067.7
0
7842.81
63.75
11095.9
7896.94
63.7499
10965.5
7568
63.75
11067.7
0
7757.01
63.75
11173.9
7842.81
63.75
11095.9
7568
63.75
11067.7
0
7563.5
63.7499
11195.4
7757.01
63.75
11173.9
7568
63.75
11067.7
0
7896.94
63.7499
10965.5
7835.73
63.7499
10819.5
7561.41
63.7499
10861.1
0
7835.73
63.7499
10819.5
7762.24
63.75
10751.3
7561.41
63.7499
10861.1
0
7762.24
63.75
10751.3
7559.63
63.7499
10735.9
7561.41
63.7499
10861.1
0
7230.9
63.7499
10859.6
7285.05
67.2484
11067.3
7292.83
63.7499
10861.5
0
7230.9
63.7499
10859.6
7285.05
67.2484
11067.3
7233.85
63.7499
11065.6
0
6999.09
63.7499
10732.8
7230.9
63.7499
10859.6
7233.85
63.7499
11065.6
1
6999.09
63.7499
10732.8
7002.88
63.75
11200.5
7233.85
63.7499
11065.6
0
7002.88
63.75
11200.5
7231.42
63.7499
11201.4
7233.85
63.7499
11065.6
0
6999.09
63.7499
10732.8
7230.9
63.7499
10859.6
7231.71
63.7499
10738.9
0
6454.23
63.75
10785.7
7002.88
63.75
11200.5
6999.09
63.7499
10732.8
0
6519.49
63.7499
10720.1
6454.23
63.75
10785.7
6999.09
63.7499
10732.8
0
6797.7
66.1553
10644.9
6519.49
63.7499
10720.1
6999.09
63.7499
10732.8
0
6579.98
66.1554
10625.8
6519.49
63.7499
10720.1
6797.7
66.1553
10644.9
0
6454.23
63.75
10785.7
6455.03
63.7498
11191.7
7002.88
63.75
11200.5
0
6455.03
63.7498
11191.7
7005.33
63.7499
11506.3
7002.88
63.75
11200.5
0
6455.03
63.7498
11191.7
6475
68.1858
11501.7
7005.33
63.7499
11506.3
0
7289.62
-6.10352e-005
11570.7
7515.44
-0.00012207
11249.4
7257.7
-0.00012207
11248.1
0
7289.62
-6.10352e-005
11570.7
7614.5
-6.10352e-005
11571.8
7515.44
-0.00012207
11249.4
0
7614.5
-6.10352e-005
11571.8
7626.44
0
11240.7
7515.44
-0.00012207
11249.4
0
7056.55
3.77173
11252.4
7289.62
-6.10352e-005
11570.7
7257.7
-0.00012207
11248.1
0
7045.87
-6.10352e-005
11576.3
7289.62
-6.10352e-005
11570.7
7056.55
3.77173
11252.4
0
7289.62
-6.10352e-005
11570.7
7312.56
0
11637
7614.5
-6.10352e-005
11571.8
0
7623.75
-0.000244141
12007.4
7614.5
-6.10352e-005
11571.8
7312.56
0
11637
0
7312.56
0
11637
7318.07
0
11949.1
7623.75
-0.000244141
12007.4
0
7219.51
63.59
11636.3
7318.07
0
11949.1
7312.56
0
11637
0
7219.51
63.59
11636.3
7228.56
67.5784
11940
7318.07
0
11949.1
0
7035.19
63.7498
11633
7228.56
67.5784
11940
7219.51
63.59
11636.3
0
7035.19
63.7498
11633
7040.1
63.7498
11935.6
7228.56
67.5784
11940
0
7318.07
0
11949.1
7302.07
6.10352e-005
12012.8
7623.75
-0.000244141
12007.4
0
7302.07
6.10352e-005
12012.8
7629.13
-6.10352e-005
12238.3
7623.75
-0.000244141
12007.4
0
7183.21
-6.10352e-005
12106.7
7629.13
-6.10352e-005
12238.3
7302.07
6.10352e-005
12012.8
0
7195.47
-6.10352e-005
12018.1
7183.21
-6.10352e-005
12106.7
7302.07
6.10352e-005
12012.8
0
7183.21
-6.10352e-005
12106.7
7168.25
-6.10352e-005
12236.6
7629.13
-6.10352e-005
12238.3
0
7168.25
-6.10352e-005
12236.6
7282.81
-6.10352e-005
12854.2
7629.13
-6.10352e-005
12238.3
0
7168.25
-6.10352e-005
12236.6
7166.12
-6.10352e-005
12854.3
7282.81
-6.10352e-005
12854.2
0
7282.81
-6.10352e-005
12854.2
7491.6
-0.00012207
12853
7629.13
-6.10352e-005
12238.3
0
7491.6
-0.00012207
12853
7617.08
-0.00012207
12848.4
7629.13
-6.10352e-005
12238.3
0
7282.81
-6.10352e-005
12854.2
7489.21
4.98169
13807.8
7491.6
-0.00012207
12853
0
7282.81
-6.10352e-005
12854.2
7297.52
4.98157
14005.4
7489.21
4.98169
13807.8
0
7297.52
4.98157
14005.4
8317.33
4.54224
14005
7489.21
4.98169
13807.8
0
8317.33
4.54224
14005
8450.82
2.56348
13803.1
7489.21
4.98169
13807.8
0
8325.16
4.54199
14086.4
8450.82
2.56348
13803.1
8317.33
4.54224
14005
0
8325.16
4.54199
14086.4
8627.11
1.46777
13802.7
8450.82
2.56348
13803.1
0
8325.16
4.54199
14086.4
8638.23
-0.000244141
14241.2
8627.11
1.46777
13802.7
0
8324.7
4.54199
14226.6
8638.23
-0.000244141
14241.2
8325.16
4.54199
14086.4
0
8450.82
2.56348
13803.1
8627.11
1.46777
13802.7
8612.94
-318.75
13354.5
0
8462.34
-318.75
13370.2
8612.94
-318.75
13354.5
8450.82
2.56348
13803.1
0
8462.34
-318.75
13370.2
8612.94
-318.75
13354.5
8641.37
-318.75
12906.7
0
8462.34
-318.75
13370.2
8641.37
-318.75
12906.7
8366.38
-318.75
12893.3
0
8377.06
-318.75
13349.3
8462.34
-318.75
13370.2
8366.38
-318.75
12893.3
0
7608.46
-318.75
12942.5
8377.06
-318.75
13349.3
8366.38
-318.75
12893.3
0
7659.6
-318.75
12903.1
7608.46
-318.75
12942.5
8366.38
-318.75
12893.3
0
7608.46
-318.75
12942.5
7572.02
-315.919
13731.4
8377.06
-318.75
13349.3
0
7572.02
-315.919
13731.4
8358.4
-318.75
13706.7
8377.06
-318.75
13349.3
0
7848.08
320.968
14060.7
8324.7
4.54199
14226.6
8325.16
4.54199
14086.4
0
7848.08
320.968
14060.7
7851.78
320.232
14237
8324.7
4.54199
14226.6
0
7367.95
318.75
14064.5
7851.78
320.232
14237
7848.08
320.968
14060.7
0
7367.95
318.75
14064.5
7853.65
318.75
14301
7851.78
320.232
14237
0
7367.95
318.75
14064.5
7375.46
321.581
14470.1
7853.65
318.75
14301
0
7375.46
321.581
14470.1
7855.46
318.75
14468.1
7853.65
318.75
14301
0
7853.65
318.75
14301
7855.46
318.75
14468.1
8423.18
318.75
14497
0
7853.65
318.75
14301
8423.18
318.75
14497
8647.02
318.75
14315.3
0
8423.18
318.75
14497
8533.56
318.75
14495.9
8647.02
318.75
14315.3
0
8533.56
318.75
14495.9
8648.77
318.75
14488.3
8647.02
318.75
14315.3
0
8423.18
318.75
14497
8533.56
318.75
14495.9
8555.08
318.75
14642.6
0
8423.18
318.75
14497
8425.85
318.75
14641.9
8555.08
318.75
14642.6
0
8425.85
318.75
14641.9
8324.87
320.903
15186.4
8555.08
318.75
14642.6
0
8555.08
318.75
14642.6
8324.87
320.903
15186.4
8638.8
318.75
15189.5
0
8555.08
318.75
14642.6
8638.8
318.75
15189.5
8645.2
318.75
14649.5
0
8291.9
318.75
14675.3
8324.87
320.903
15186.4
8425.85
318.75
14641.9
0
8239.3
320.59
14768.2
8324.87
320.903
15186.4
8291.9
318.75
14675.3
0
8239.3
320.59
14768.2
8010.45
320.903
15195.9
8324.87
320.903
15186.4
0
8095.45
320.59
14806.9
8010.45
320.903
15195.9
8239.3
320.59
14768.2
0
7984.22
320.903
14731.3
8010.45
320.903
15195.9
8095.45
320.59
14806.9
0
7847.98
320.903
14651.1
8010.45
320.903
15195.9
7984.22
320.903
14731.3
0
7847.98
320.903
14651.1
7394.61
320.59
14905.8
8010.45
320.903
15195.9
0
7394.61
320.59
14905.8
7383.71
320.59
15066.3
8010.45
320.903
15195.9
0
7383.71
320.59
15066.3
7373.66
320.59
15188.1
8010.45
320.903
15195.9
0
7413.84
318.75
14650.5
7394.61
320.59
14905.8
7847.98
320.903
14651.1
0
7224.3
318.75
14901.5
7383.71
320.59
15066.3
7394.61
320.59
14905.8
0
7224.3
318.75
14901.5
7231.24
320.59
15065.9
7383.71
320.59
15066.3
0
6216.78
318.75
14908.8
7231.24
320.59
15065.9
7224.3
318.75
14901.5
0
6216.78
318.75
14908.8
6207.37
318.75
15217.3
7231.24
320.59
15065.9
0
6207.37
318.75
15217.3
7230.4
318.75
15210.7
7231.24
320.59
15065.9
0
6249.31
318.75
14322.2
6216.78
318.75
14908.8
7224.3
318.75
14901.5
0
6249.31
318.75
14322.2
7224.3
318.75
14901.5
6906.29
318.75
14308.2
0
6906.29
318.75
14308.2
7224.3
318.75
14901.5
7223.65
318.75
14256.4
0
6910.25
321.196
14244.1
6906.29
318.75
14308.2
7223.65
318.75
14256.4
0
6914.07
320.22
14065.2
6910.25
321.196
14244.1
7223.65
318.75
14256.4
0
6914.07
320.22
14065.2
7223.65
318.75
14256.4
7204.54
318.75
14056.8
0
6925.34
318.75
13803.2
6914.07
320.22
14065.2
7204.54
318.75
14056.8
0
6925.34
318.75
13803.2
7204.54
318.75
14056.8
7234.07
318.75
13797.1
0
6471.14
-0.00012207
14225.7
6910.25
321.196
14244.1
6914.07
320.22
14065.2
0
6485.25
17.8083
14060.6
6471.14
-0.00012207
14225.7
6914.07
320.22
14065.2
0
5629.41
-0.00012207
14135.3
6471.14
-0.00012207
14225.7
6485.25
17.8083
14060.6
0
5629.41
-0.00012207
14135.3
5631.56
0
14265.7
6471.14
-0.00012207
14225.7
0
5629.41
-0.00012207
14135.3
6459.69
-0.00012207
14007.3
6485.25
17.8083
14060.6
0
5623.12
-0.00012207
13800
5629.41
-0.00012207
14135.3
6459.69
-0.00012207
14007.3
0
5623.12
-0.00012207
13800
6459.69
-0.00012207
14007.3
6876.95
-6.10352e-005
13792.5
0
6459.69
-0.00012207
14007.3
6874.32
0
14006.1
6876.95
-6.10352e-005
13792.5
0
5528.64
-0.00012207
14130.6
5629.41
-0.00012207
14135.3
5623.12
-0.00012207
13800
0
5528.64
-0.00012207
14130.6
5623.12
-0.00012207
13800
5532.53
-0.00012207
13790.3
0
5528.64
-0.00012207
14130.6
5532.53
-0.00012207
13790.3
4985.62
-0.000244141
13810.4
0
5180.8
-0.000244141
14186.7
5528.64
-0.00012207
14130.6
4985.62
-0.000244141
13810.4
0
5180.8
-0.000244141
14186.7
5527.98
-0.000366211
14196.5
5528.64
-0.00012207
14130.6
0
5005.66
-0.000244141
14196.8
5180.8
-0.000244141
14186.7
4985.62
-0.000244141
13810.4
0
4997.08
-6.10352e-005
14306.9
5180.8
-0.000244141
14186.7
5005.66
-0.000244141
14196.8
0
4997.08
-6.10352e-005
14306.9
5197.89
25.9342
14299.3
5180.8
-0.000244141
14186.7
0
4446.6
0.00012207
14205.5
5005.66
-0.000244141
14196.8
4985.62
-0.000244141
13810.4
0
4446.6
0.00012207
14205.5
4985.62
-0.000244141
13810.4
4437.79
-0.000366211
13795.7
0
4214.75
-0.00012207
14220.3
4446.6
0.00012207
14205.5
4437.79
-0.000366211
13795.7
0
4214.75
-0.00012207
14220.3
4437.79
-0.000366211
13795.7
4229.85
0
13806.6
0
4211.54
-6.10352e-005
14315
4446.6
0.00012207
14205.5
4214.75
-0.00012207
14220.3
0
4211.54
-6.10352e-005
14315
4448.3
-6.10352e-005
14296.3
4446.6
0.00012207
14205.5
0
4997.08
-6.10352e-005
14306.9
5214.35
-0.00012207
14671.5
5197.89
25.9342
14299.3
0
5197.89
25.9342
14299.3
5214.35
-0.00012207
14671.5
5493.72
-0.00012207
14303.3
0
5214.35
-0.00012207
14671.5
5479.43
-0.00012207
14673.3
5493.72
-0.00012207
14303.3
0
4997.08
-6.10352e-005
14306.9
4488.03
-0.000244141
14696.6
5214.35
-0.00012207
14671.5
0
4448.3
-6.10352e-005
14296.3
4488.03
-0.000244141
14696.6
4997.08
-6.10352e-005
14306.9
0
4211.54
-6.10352e-005
14315
4488.03
-0.000244141
14696.6
4448.3
-6.10352e-005
14296.3
0
3439.47
-0.00012207
14678.4
4488.03
-0.000244141
14696.6
4211.54
-6.10352e-005
14315
0
3649.96
-0.00012207
14309.9
3439.47
-0.00012207
14678.4
4211.54
-6.10352e-005
14315
0
3649.96
-0.00012207
14309.9
3241.17
-0.00012207
14603.8
3439.47
-0.00012207
14678.4
0
3492.81
0
14306.1
3241.17
-0.00012207
14603.8
3649.96
-0.00012207
14309.9
0
3230.68
0
14313.6
3241.17
-0.00012207
14603.8
3492.81
0
14306.1
0
4214.75
-0.00012207
14220.3
4229.85
0
13806.6
3662.33
-0.00012207
14180.1
0
3191.1
-6.10352e-005
13967.8
4229.85
0
13806.6
3662.33
-0.00012207
14180.1
0
3182.38
0
13806.5
3191.1
-6.10352e-005
13967.8
4229.85
0
13806.6
0
3191.1
-6.10352e-005
13967.8
3491.07
-6.10352e-005
14184.2
3662.33
-0.00012207
14180.1
0
3191.1
-6.10352e-005
13967.8
3176.4
0
14095.9
3491.07
-6.10352e-005
14184.2
0
3176.4
0
14095.9
3186.35
-6.10352e-005
14186.8
3491.07
-6.10352e-005
14184.2
0
3491.07
-6.10352e-005
14184.2
3492.81
0
14306.1
3662.33
-0.00012207
14180.1
0
3492.81
0
14306.1
3649.96
-0.00012207
14309.9
3662.33
-0.00012207
14180.1
0
3066.73
-3.05176e-005
13959.9
3176.4
0
14095.9
3191.1
-6.10352e-005
13967.8
0
3066.73
-3.05176e-005
13959.9
3062.39
0
14089.8
3176.4
0
14095.9
0
3062.39
0
14089.8
3066.73
-3.05176e-005
13959.9
2286.31
15.9202
13856.5
0
3066.73
-3.05176e-005
13959.9
3050.17
-0.00012207
13803
2286.31
15.9202
13856.5
0
3050.17
-0.00012207
13803
2293.33
13.1213
13797.6
2286.31
15.9202
13856.5
0
3062.39
0
14089.8
2286.31
15.9202
13856.5
2285.82
17.7316
14108.4
0
2285.82
17.7316
14108.4
2552.84
-0.000244141
14143.4
3062.39
0
14089.8
0
3054.62
-0.00012207
14267.6
3062.39
0
14089.8
2552.84
-0.000244141
14143.4
0
3054.62
-0.00012207
14267.6
2552.84
-0.000244141
14143.4
2569
-0.00012207
14265.8
0
2286.31
15.9202
13856.5
2285.82
17.7316
14108.4
2027.01
15.3171
14083.7
0
2027.01
15.3171
14083.7
2286.31
15.9202
13856.5
2034.79
10.2699
13893.5
0
1742.65
-0.000244141
14181.9
2027.01
15.3171
14083.7
2034.79
10.2699
13893.5
0
1742.65
-0.000244141
14181.9
1730.72
4.42224
13857.1
2034.79
10.2699
13893.5
0
1730.72
4.42224
13857.1
2034.79
10.2699
13893.5
2034.22
4.61426
13851.1
0
1742.65
-0.000244141
14181.9
1730.72
4.42224
13857.1
1033.44
-0.00012207
13847.1
0
1031.01
25.4213
14088.4
1742.65
-0.000244141
14181.9
1033.44
-0.00012207
13847.1
0
1122
-0.000244141
14221.1
1742.65
-0.000244141
14181.9
1031.01
25.4213
14088.4
0
1646.27
-0.00012207
14337.7
1122
-0.000244141
14221.1
1742.65
-0.000244141
14181.9
0
1125.92
-6.10352e-005
14345
1646.27
-0.00012207
14337.7
1122
-0.000244141
14221.1
0
1125.92
-6.10352e-005
14345
1597.34
0
14602.8
1646.27
-0.00012207
14337.7
0
1068.01
0
14600.2
1597.34
0
14602.8
1125.92
-6.10352e-005
14345
0
1069.1
-0.000244141
14718.4
1597.34
0
14602.8
1068.01
0
14600.2
0
1069.1
-0.000244141
14718.4
1565.57
-0.00012207
15140.6
1597.34
0
14602.8
0
1058.54
-0.00012207
14929.7
1565.57
-0.00012207
15140.6
1069.1
-0.000244141
14718.4
0
1117.02
-0.000244141
15010.7
1565.57
-0.00012207
15140.6
1058.54
-0.00012207
14929.7
0
1117.02
-0.000244141
15010.7
1401.02
-0.00012207
15209
1565.57
-0.00012207
15140.6
0
1161.46
-0.00012207
15196.1
1401.02
-0.00012207
15209
1117.02
-0.000244141
15010.7
0
1068.01
0
14600.2
1125.92
-6.10352e-005
14345
1063.8
0
14370.6
0
908.287
-0.00012207
14615.5
1068.01
0
14600.2
1069.1
-0.000244141
14718.4
0
908.287
-0.00012207
14615.5
905.507
-0.00012207
14722.2
1069.1
-0.000244141
14718.4
0
905.507
-0.00012207
14722.2
908.287
-0.00012207
14615.5
147.795
-0.000366211
14496.4
0
88.1146
-0.000244141
15176.8
905.507
-0.00012207
14722.2
147.795
-0.000366211
14496.4
0
88.1146
-0.000244141
15176.8
902.034
-0.00012207
15192.2
905.507
-0.00012207
14722.2
0
147.795
-0.000366211
14496.4
908.287
-0.00012207
14615.5
202.698
-0.000244141
14293.2
0
908.287
-0.00012207
14615.5
908.515
-0.00012207
14539.5
202.698
-0.000244141
14293.2
0
202.698
-0.000244141
14293.2
908.515
-0.00012207
14539.5
180.686
-0.000244141
14071.8
0
908.515
-0.00012207
14539.5
948.054
-0.00012207
14333.2
180.686
-0.000244141
14071.8
0
948.054
-0.00012207
14333.2
463.867
-0.000488281
13868.1
180.686
-0.000244141
14071.8
0
948.054
-0.00012207
14333.2
541.075
-0.000244141
13866.1
463.867
-0.000488281
13868.1
0
948.054
-0.00012207
14333.2
714.309
-0.000244141
13861
541.075
-0.000244141
13866.1
0
948.054
-0.00012207
14333.2
945.534
81.613
13849.8
714.309
-0.000244141
13861
0
463.867
-0.000488281
13868.1
294.034
-0.000488281
13859.1
180.686
-0.000244141
14071.8
0
294.034
-0.000488281
13859.1
133.136
-0.000244141
13877.1
180.686
-0.000244141
14071.8
0
714.309
-0.000244141
13861
723.63
-0.00012207
13745.1
541.075
-0.000244141
13866.1
0
723.63
-0.00012207
13745.1
579.218
0.00012207
13748.3
541.075
-0.000244141
13866.1
0
463.867
-0.000488281
13868.1
442.183
0
13752.5
294.034
-0.000488281
13859.1
0
294.034
-0.000488281
13859.1
442.183
0
13752.5
287.924
3.78528
13748.8
0
287.924
3.78528
13748.8
442.183
0
13752.5
291.404
-0.00012207
13466.7
0
442.183
0
13752.5
468.168
0
13416.5
291.404
-0.00012207
13466.7
0
442.183
0
13752.5
579.218
0.00012207
13748.3
468.168
0
13416.5
0
579.218
0.00012207
13748.3
749.047
-0.00012207
13443.7
468.168
0
13416.5
0
579.218
0.00012207
13748.3
723.63
-0.00012207
13745.1
749.047
-0.00012207
13443.7
0
723.63
-0.00012207
13745.1
1083.77
-0.00012207
13453.3
749.047
-0.00012207
13443.7
0
723.63
-0.00012207
13745.1
1280.38
0
13741.2
1083.77
-0.00012207
13453.3
0
1280.38
0
13741.2
1083.77
-0.00012207
13453.3
1234.85
-0.000244141
13536.8
0
749.047
-0.00012207
13443.7
737.419
-0.000244141
13243.6
468.168
0
13416.5
0
468.168
0
13416.5
737.419
-0.000244141
13243.6
642.188
0
13174.3
0
713.889
0
13026.7
642.188
0
13174.3
737.419
-0.000244141
13243.6
0
737.419
-0.000244141
13243.6
824.129
0
13198.9
713.889
0
13026.7
0
713.889
0
13026.7
824.129
0
13198.9
819.705
-6.10352e-005
13025.9
0
824.129
0
13198.9
971.055
-126.476
13264.9
819.705
-6.10352e-005
13025.9
0
971.055
-126.476
13264.9
1005.43
-106.496
13070.6
819.705
-6.10352e-005
13025.9
0
971.055
-126.476
13264.9
1178.62
-261.498
13127
1005.43
-106.496
13070.6
0
971.055
-126.476
13264.9
1103.76
-261.022
13308.9
1178.62
-261.498
13127
0
1103.76
-261.022
13308.9
1161.37
-335.546
13266
1178.62
-261.498
13127
0
1161.37
-335.546
13266
1214.51
-292.122
13151.1
1178.62
-261.498
13127
0
1161.37
-335.546
13266
1225.15
-351.946
13249.6
1214.51
-292.122
13151.1
0
1225.15
-351.946
13249.6
1286.01
-360.754
13178.2
1214.51
-292.122
13151.1
0
1245.33
-385.779
13366.1
1286.01
-360.754
13178.2
1225.15
-351.946
13249.6
0
1245.33
-385.779
13366.1
1345.05
-423.873
13234
1286.01
-360.754
13178.2
0
1375.17
-623.205
13554.5
1345.05
-423.873
13234
1245.33
-385.779
13366.1
0
1375.17
-623.205
13554.5
1541.39
-631.678
13445.3
1345.05
-423.873
13234
0
1420.24
-637.5
13627.4
1541.39
-631.678
13445.3
1375.17
-623.205
13554.5
0
1420.24
-637.5
13627.4
1428.7
-631.785
13741.6
1541.39
-631.678
13445.3
0
1638.41
-627.848
13432.2
1428.7
-631.785
13741.6
1541.39
-631.678
13445.3
0
1428.7
-631.785
13741.6
1584.58
-628.179
13756.6
1638.41
-627.848
13432.2
0
1584.58
-628.179
13756.6
1795.91
-637.5
13510
1638.41
-627.848
13432.2
0
1584.58
-628.179
13756.6
1729.72
-628.179
13763.3
1795.91
-637.5
13510
0
1568.7
-816.477
14037.4
1729.72
-628.179
13763.3
1584.58
-628.179
13756.6
0
1568.7
-816.477
14037.4
1748.45
-844.093
14069.3
1729.72
-628.179
13763.3
0
1795.91
-637.5
13510
1729.72
-628.179
13763.3
1960.12
-637.5
13549.7
0
1729.72
-628.179
13763.3
1967.09
-637.5
13756.6
1960.12
-637.5
13549.7
0
1681.33
-637.5
13259.7
1638.41
-627.848
13432.2
1795.91
-637.5
13510
0
1681.33
-637.5
13259.7
1795.91
-637.5
13510
1918.53
-623.346
13253.3
0
1918.53
-623.346
13253.3
1795.91
-637.5
13510
1960.12
-637.5
13549.7
0
