293
683.585
-296.068
2272.21
1862.04
-296.068
2272.47
1859.66
-296.068
2083.19
0
683.585
-296.068
2272.21
1859.66
-296.068
2083.19
689.992
-296.068
2084.76
0
689.564
-296.068
2353.02
1862.04
-296.068
2272.47
683.585
-296.068
2272.21
0
689.564
-296.068
2353.02
1848.89
-296.068
2371.49
1862.04
-296.068
2272.47
0
978.305
-296.068
2633.5
1848.89
-296.068
2371.49
689.564
-296.068
2353.02
0
978.305
-296.068
2633.5
1563.81
-296.068
2624.84
1848.89
-296.068
2371.49
0
976.089
-296.068
2738.53
978.305
-296.068
2633.5
689.564
-296.068
2353.02
0
492.726
-296.068
2371.09
976.089
-296.068
2738.53
689.564
-296.068
2353.02
0
474.958
-296.068
2745.37
976.089
-296.068
2738.53
492.726
-296.068
2371.09
0
387.891
-296.068
2673.95
492.726
-296.068
2371.09
474.958
-296.068
2745.37
0
324.955
-296.068
2528.86
387.891
-296.068
2673.95
492.726
-296.068
2371.09
0
1564.91
-296.068
2727.82
1563.81
-296.068
2624.84
1848.89
-296.068
2371.49
0
1564.91
-296.068
2727.82
1986.09
-296.068
2374.46
1848.89
-296.068
2371.49
0
1564.91
-296.068
2727.82
2135.96
-296.068
2759.12
1986.09
-296.068
2374.46
0
2135.96
-296.068
2759.12
2155.86
-296.068
2418.22
1986.09
-296.068
2374.46
0
2135.96
-296.068
2759.12
2251.9
-296.068
2582.3
2155.86
-296.068
2418.22
0
1862.04
-296.068
2272.47
1859.66
-296.068
2083.19
1980.01
-266.817
2282.26
0
1980.01
-266.817
2282.26
2019.76
-266.786
2099.34
1859.66
-296.068
2083.19
0
1980.01
-266.817
2282.26
2109.26
-225.728
2312.33
2019.76
-266.786
2099.34
0
2109.26
-225.728
2312.33
2194.03
-225.709
2169.02
2019.76
-266.786
2099.34
0
2109.26
-225.728
2312.33
2228.62
-176.397
2387.9
2194.03
-225.709
2169.02
0
2228.62
-176.397
2387.9
2363.97
-176.437
2283.11
2194.03
-225.709
2169.02
0
2228.62
-176.397
2387.9
2290.84
-127.176
2486.4
2363.97
-176.437
2283.11
0
2290.84
-127.176
2486.4
2463.34
-127.077
2440.96
2363.97
-176.437
2283.11
0
2297.16
-77.7997
2607.44
2463.34
-127.077
2440.96
2290.84
-127.176
2486.4
0
2297.16
-77.7997
2607.44
2480.32
-77.8457
2597.91
2463.34
-127.077
2440.96
0
2249.56
-28.7736
2726.57
2480.32
-77.8457
2597.91
2297.16
-77.7997
2607.44
0
2249.56
-28.7736
2726.57
2429.03
-28.8104
2733.16
2480.32
-77.8457
2597.91
0
2222.16
-4.04407
2797.43
2429.03
-28.8104
2733.16
2249.56
-28.7736
2726.57
0
2222.16
-4.04407
2797.43
2389.84
-4.06311
2797.95
2429.03
-28.8104
2733.16
0
683.585
-296.068
2272.21
689.992
-296.068
2084.76
567.715
-266.788
2279.36
0
567.715
-266.788
2279.36
689.992
-296.068
2084.76
528.521
-266.733
2113.1
0
489.863
-242.08
2308.78
567.715
-266.788
2279.36
528.521
-266.733
2113.1
0
489.863
-242.08
2308.78
528.521
-266.733
2113.1
416.074
-242.099
2131.66
0
394.005
-209.311
2331.17
489.863
-242.08
2308.78
416.074
-242.099
2131.66
0
295.783
-209.356
2198.63
394.005
-209.311
2331.17
416.074
-242.099
2131.66
0
322.998
-176.396
2389.1
394.005
-209.311
2331.17
295.783
-209.356
2198.63
0
184.537
-176.418
2283.65
322.998
-176.396
2389.1
295.783
-209.356
2198.63
0
262.754
-127.149
2488.71
184.537
-176.418
2283.65
322.998
-176.396
2389.1
0
88.916
-127.286
2426.71
262.754
-127.149
2488.71
184.537
-176.418
2283.65
0
259.323
-69.7865
2621.33
88.916
-127.286
2426.71
262.754
-127.149
2488.71
0
76.6075
-69.827
2615.45
259.323
-69.7865
2621.33
88.916
-127.286
2426.71
0
158.915
-4.16736
2793.59
259.323
-69.7865
2621.33
76.6075
-69.827
2615.45
0
158.915
-4.16736
2793.59
326.461
-4.1438
2792.24
259.323
-69.7865
2621.33
0
2384.38
0
2915.49
2222.16
-4.04407
2797.43
2389.84
-4.06311
2797.95
0
1504.44
0
2834.57
2384.38
0
2915.49
2222.16
-4.04407
2797.43
0
1350.9
3.21912
2954.92
2384.38
0
2915.49
1504.44
0
2834.57
0
1350.9
3.21912
2954.92
1506.28
-0.00012207
2719.2
1504.44
0
2834.57
0
1204.97
-0.00012207
2945.73
1350.9
3.21912
2954.92
1506.28
-0.00012207
2719.2
0
1204.97
-0.00012207
2945.73
1506.28
-0.00012207
2719.2
1052.55
-6.10352e-005
2718.34
0
1052.01
-0.00012207
2812.27
1204.97
-0.00012207
2945.73
1052.55
-6.10352e-005
2718.34
0
362.254
-0.00012207
2926.8
1204.97
-0.00012207
2945.73
1052.01
-0.00012207
2812.27
0
362.254
-0.00012207
2926.8
1052.01
-0.00012207
2812.27
326.461
-4.1438
2792.24
0
177.793
-0.00012207
2916.74
362.254
-0.00012207
2926.8
326.461
-4.1438
2792.24
0
177.793
-0.00012207
2916.74
326.461
-4.1438
2792.24
158.915
-4.16736
2793.59
0
1209.74
0
3053.93
1350.9
3.21912
2954.92
1204.97
-0.00012207
2945.73
0
1209.74
0
3053.93
1338.05
3.2193
3046.97
1350.9
3.21912
2954.92
0
1338.05
3.2193
3046.97
1209.74
0
3053.93
1173.03
0
3908.92
0
1338.05
3.2193
3046.97
1173.03
0
3908.92
1502.8
-0.000366211
3910.16
0
1503.41
-6.10352e-005
3065.34
1338.05
3.2193
3046.97
1502.8
-0.000366211
3910.16
0
1209.74
0
3053.93
1047.66
-6.10352e-005
3608.67
1173.03
0
3908.92
0
1209.74
0
3053.93
1051.14
-6.10352e-005
3066.6
1047.66
-6.10352e-005
3608.67
0
1173.03
0
3908.92
1047.66
-6.10352e-005
3608.67
1088.32
5.20276
3913.01
0
1047.66
-6.10352e-005
3608.67
911.805
-0.000244141
3612.25
1088.32
5.20276
3913.01
0
911.805
-0.000244141
3612.25
948.642
5.20276
3919.98
1088.32
5.20276
3913.01
0
1173.03
0
3908.92
1499.83
4.85181
4700.16
1502.8
-0.000366211
3910.16
0
1173.03
0
3908.92
1193.87
0
5775.65
1499.83
4.85181
4700.16
0
1499.83
4.85181
4700.16
1193.87
0
5775.65
1505.38
-6.10352e-005
4942.67
0
1193.87
0
5775.65
1502.45
6.10352e-005
6025.69
1505.38
-6.10352e-005
4942.67
0
1193.87
0
5775.65
1341.99
0
6017.78
1502.45
6.10352e-005
6025.69
0
1193.87
0
5775.65
1208.78
0
6027.76
1341.99
0
6017.78
0
1082.48
-6.10352e-005
5770.77
1208.78
0
6027.76
1193.87
0
5775.65
0
1082.48
-6.10352e-005
5770.77
934.575
-6.10352e-005
6030.64
1208.78
0
6027.76
0
958.861
0
5769.38
934.575
-6.10352e-005
6030.64
1082.48
-6.10352e-005
5770.77
0
948.642
5.20276
3919.98
1088.32
5.20276
3913.01
937.494
296.068
4381.92
0
937.494
296.068
4381.92
1122.2
296.068
4394.03
1088.32
5.20276
3913.01
0
958.861
0
5769.38
1082.48
-6.10352e-005
5770.77
945.741
296.068
5334.63
0
945.741
296.068
5334.63
1120.28
296.068
5338.97
1082.48
-6.10352e-005
5770.77
0
945.741
296.068
5334.63
1120.28
296.068
5338.97
937.494
296.068
4381.92
0
1120.28
296.068
5338.97
1122.2
296.068
4394.03
937.494
296.068
4381.92
0
582.784
296.068
4373.66
945.741
296.068
5334.63
937.494
296.068
4381.92
0
582.784
296.068
4373.66
599.084
296.068
5318.45
945.741
296.068
5334.63
0
430.097
296.068
4368.74
599.084
296.068
5318.45
582.784
296.068
4373.66
0
430.097
296.068
4368.74
422.825
296.068
5319.37
599.084
296.068
5318.45
0
216.218
296.068
4364.17
422.825
296.068
5319.37
430.097
296.068
4368.74
0
216.218
296.068
4364.17
213.238
296.068
5326.21
422.825
296.068
5319.37
0
435.837
296.068
4230.72
430.097
296.068
4368.74
582.784
296.068
4373.66
0
594.416
296.068
4223.58
435.837
296.068
4230.72
582.784
296.068
4373.66
0
594.416
296.068
4223.58
818.5
296.068
3631.88
435.837
296.068
4230.72
0
435.837
296.068
4230.72
818.5
296.068
3631.88
206.443
296.068
3625.9
0
435.837
296.068
4230.72
206.443
296.068
3625.9
210.015
296.068
4232.64
0
814.39
296.068
4237.01
818.5
296.068
3631.88
594.416
296.068
4223.58
0
586.344
296.068
5435.21
599.084
296.068
5318.45
422.825
296.068
5319.37
0
586.344
296.068
5435.21
422.825
296.068
5319.37
421.565
296.068
5437.32
0
586.344
296.068
5435.21
421.565
296.068
5437.32
814.583
296.068
6046.81
0
814.583
296.068
6046.81
815.882
296.068
5432.4
586.344
296.068
5435.21
0
814.583
296.068
6046.81
421.565
296.068
5437.32
197.267
296.068
6050.02
0
421.565
296.068
5437.32
197.092
298.902
5429.18
197.267
296.068
6050.02
0
1505.38
-6.10352e-005
4942.67
1499.83
4.85181
4700.16
1662.92
-6.10352e-005
4951.57
0
1662.92
-6.10352e-005
4951.57
1650.62
-0.00012207
4718.29
1499.83
4.85181
4700.16
0
2089.53
4.09985
4945.83
1650.62
-0.00012207
4718.29
1662.92
-6.10352e-005
4951.57
0
2038.79
-6.10352e-005
4754.64
2089.53
4.09985
4945.83
1650.62
-0.00012207
4718.29
0
1653.96
6.10352e-005
5071.36
2089.53
4.09985
4945.83
1662.92
-6.10352e-005
4951.57
0
1653.96
6.10352e-005
5071.36
2098.39
4.09991
5066.9
2089.53
4.09985
4945.83
0
2089.53
4.09985
4945.83
2223.2
0
4944.03
2038.79
-6.10352e-005
4754.64
0
2223.2
0
4944.03
2233.15
0
4724.74
2038.79
-6.10352e-005
4754.64
0
2223.2
0
4944.03
2752.2
-0.00012207
4971.43
2233.15
0
4724.74
0
2752.2
-0.00012207
4971.43
2749.5
-0.000244141
4718.19
2233.15
0
4724.74
0
2233.15
0
4724.74
2749.5
-0.000244141
4718.19
2236.19
-0.00012207
4616.39
0
2749.5
-0.000244141
4718.19
2742.83
-0.000244141
4615.15
2236.19
-0.00012207
4616.39
0
2227.32
0
5071.63
2752.2
-0.00012207
4971.43
2223.2
0
4944.03
0
2227.32
0
5071.63
2752.57
-0.00012207
5078.36
2752.2
-0.00012207
4971.43
0
2752.2
-0.00012207
4971.43
2860.51
-0.00012207
4970.56
2749.5
-0.000244141
4718.19
0
2860.51
-0.00012207
4970.56
2749.5
-0.000244141
4718.19
2861.34
0
4703.69
0
2860.51
-0.00012207
4970.56
3053.17
22.5466
4762.84
2861.34
0
4703.69
0
2861.34
0
4703.69
3053.17
22.5466
4762.84
3056.72
-3.05176e-005
4616.2
0
2861.34
0
4703.69
3056.72
-3.05176e-005
4616.2
2863.88
-3.05176e-005
4611.18
0
2860.51
-0.00012207
4970.56
3066.93
0
4910.16
3053.17
22.5466
4762.84
0
2858.12
-0.000244141
5075.02
3066.93
0
4910.16
2860.51
-0.00012207
4970.56
0
2858.12
-0.000244141
5075.02
3055.8
1.36182
5080.18
3066.93
0
4910.16
0
3066.93
0
4910.16
3153.97
-6.10352e-005
4767.86
3053.17
22.5466
4762.84
0
3066.93
0
4910.16
3152.88
-6.10352e-005
4928.54
3153.97
-6.10352e-005
4767.86
0
3152.88
-6.10352e-005
4928.54
3898.36
6.10352e-005
5022.88
3153.97
-6.10352e-005
4767.86
0
3152.42
-6.10352e-005
5078.81
3898.36
6.10352e-005
5022.88
3152.88
-6.10352e-005
4928.54
0
3153.97
-6.10352e-005
4767.86
3898.36
6.10352e-005
5022.88
3891.41
-0.00012207
4620.82
0
3153.97
-6.10352e-005
4767.86
3891.41
-0.00012207
4620.82
3156.37
0
4624.41
0
3898.36
6.10352e-005
5022.88
4017.67
0
5021.26
3891.41
-0.00012207
4620.82
0
4017.67
0
5021.26
4463.39
9.64526
4626.5
3891.41
-0.00012207
4620.82
0
4017.67
0
5021.26
4918.97
0
5028.32
4463.39
9.64526
4626.5
0
4918.97
0
5028.32
5040.81
-0.00012207
4622.35
4463.39
9.64526
4626.5
0
4918.97
0
5028.32
5038.84
-0.000244141
5033.83
5040.81
-0.00012207
4622.35
0
5038.84
-0.000244141
5033.83
6241.63
4.34167
4999.7
5040.81
-0.00012207
4622.35
0
6241.63
4.34167
4999.7
6247.31
-0.000244141
4626.26
5040.81
-0.00012207
4622.35
0
5038.84
-0.000244141
5033.83
5104.86
0
5072.11
6241.63
4.34167
4999.7
0
5104.86
0
5072.11
6190.68
0
5077.23
6241.63
4.34167
4999.7
0
3898.36
6.10352e-005
5022.88
4017.67
0
5021.26
4027.9
3.18558
5212.91
0
3890.2
-9.15527e-005
5263.69
4027.9
3.18558
5212.91
3898.36
6.10352e-005
5022.88
0
4057.81
-0.00012207
5624.24
3890.2
-9.15527e-005
5263.69
4027.9
3.18558
5212.91
0
4057.81
-0.00012207
5624.24
4065.14
3.28552
5221
4027.9
3.18558
5212.91
0
3885.95
-0.00012207
5868.68
4057.81
-0.00012207
5624.24
3890.2
-9.15527e-005
5263.69
0
3833.19
-0.00012207
5470.57
3885.95
-0.00012207
5868.68
3890.2
-9.15527e-005
5263.69
0
3885.95
-0.00012207
5868.68
4866.26
-0.00012207
5642.08
4057.81
-0.00012207
5624.24
0
3885.95
-0.00012207
5868.68
5156.07
18.0356
5915.96
4866.26
-0.00012207
5642.08
0
5156.07
18.0356
5915.96
4918.59
-0.00012207
5238.29
4866.26
-0.00012207
5642.08
0
5156.07
18.0356
5915.96
5039.69
7.64832
5239.19
4918.59
-0.00012207
5238.29
0
4866.26
-0.00012207
5642.08
4918.59
-0.00012207
5238.29
4859.69
-0.000244141
5242.29
0
5156.07
18.0356
5915.96
5145.64
0
5246.45
5039.69
7.64832
5239.19
0
5039.69
7.64832
5239.19
5038.84
-0.000244141
5033.83
4918.97
0
5028.32
0
4918.59
-0.00012207
5238.29
5039.69
7.64832
5239.19
4918.97
0
5028.32
0
6241.63
4.34167
4999.7
6496.35
2.36139
5017.42
6247.31
-0.000244141
4626.26
0
6496.35
2.36139
5017.42
6539.55
5.25916
4609.56
6247.31
-0.000244141
4626.26
0
6496.35
2.36139
5017.42
6662.81
31.324
5183.92
6539.55
5.25916
4609.56
0
6662.81
31.324
5183.92
6986.84
2.5387
4616.49
6539.55
5.25916
4609.56
0
6662.81
31.324
5183.92
6808.8
31.3239
5188.42
6986.84
2.5387
4616.49
0
6808.8
31.3239
5188.42
7107.49
4.479
5000.27
6986.84
2.5387
4616.49
0
7107.49
4.479
5000.27
7371.04
-0.00012207
4635.25
6986.84
2.5387
4616.49
0
7107.49
4.479
5000.27
7372.39
0
5015.76
7371.04
-0.00012207
4635.25
0
6539.55
5.25916
4609.56
6986.84
2.5387
4616.49
6531.01
-60.281
4208.22
0
6986.84
2.5387
4616.49
6994.02
-60.2809
4207.77
6531.01
-60.281
4208.22
0
6659.65
137.866
5339.88
6808.8
31.3239
5188.42
6662.81
31.324
5183.92
0
6659.65
137.866
5339.88
6805.72
137.968
5342.04
6808.8
31.3239
5188.42
0
1210.54
-3.05176e-005
6115.98
1341.99
0
6017.78
1208.78
0
6027.76
0
1210.54
-3.05176e-005
6115.98
1339.7
-6.10352e-005
6114.81
1341.99
0
6017.78
0
1378.49
-6.10352e-005
6735.33
1339.7
-6.10352e-005
6114.81
1210.54
-3.05176e-005
6115.98
0
1378.49
-6.10352e-005
6735.33
1458.19
-6.10352e-005
6732.28
1339.7
-6.10352e-005
6114.81
0
1458.19
-6.10352e-005
6732.28
1466.63
-6.10352e-005
6125.64
1339.7
-6.10352e-005
6114.81
0
1295.38
-2.14319
6871.63
1378.49
-6.10352e-005
6735.33
1210.54
-3.05176e-005
6115.98
0
1295.38
-2.14319
6871.63
1377.96
-6.10352e-005
6873.12
1378.49
-6.10352e-005
6735.33
0
1100.12
-0.000244141
7145
1295.38
-2.14319
6871.63
1210.54
-3.05176e-005
6115.98
0
1100.12
-0.000244141
7145
1210.54
-3.05176e-005
6115.98
1033.98
0.00012207
6125.81
0
1035.7
-0.000244141
7143.35
1100.12
-0.000244141
7145
1033.98
0.00012207
6125.81
0
1100.12
-0.000244141
7145
1285.43
0.924683
7130.36
1295.38
-2.14319
6871.63
0
1285.43
0.924683
7130.36
1430.98
-47.3133
7109.5
1295.38
-2.14319
6871.63
0
1431.69
-49.6275
6910.11
1430.98
-47.3133
7109.5
1295.38
-2.14319
6871.63
0
1100.04
0
7630.71
1285.43
0.924683
7130.36
1100.12
-0.000244141
7145
0
1100.04
0
7630.71
1297.92
-9.34357
7639.68
1285.43
0.924683
7130.36
0
1297.92
-9.34357
7639.68
1377.46
-6.10352e-005
7499.03
1285.43
0.924683
7130.36
0
1377.46
-6.10352e-005
7499.03
1378
-6.10352e-005
7288.98
1285.43
0.924683
7130.36
0
1297.92
-9.34357
7639.68
1379.36
-0.00012207
7633.18
1377.46
-6.10352e-005
7499.03
0
1378
-6.10352e-005
7288.98
1372.13
0
7162.39
1285.43
0.924683
7130.36
0
1377.46
-6.10352e-005
7499.03
1449.82
-6.10352e-005
7486.9
1378
-6.10352e-005
7288.98
0
1449.82
-6.10352e-005
7486.9
1447.16
-3.05176e-005
7297.87
1378
-6.10352e-005
7288.98
0
1100.04
0
7630.71
1071.35
2.31409
7906.33
1297.92
-9.34357
7639.68
0
1071.35
2.31409
7906.33
1295.11
1.00165
7896.21
1297.92
-9.34357
7639.68
0
1297.92
-9.34357
7639.68
1295.11
1.00165
7896.21
1419.44
-49.6275
7677.05
0
1419.44
-49.6275
7677.05
1295.11
1.00165
7896.21
1420.7
-46.0643
7880
0
1295.11
1.00165
7896.21
1071.35
2.31409
7906.33
1071.89
9.46924
8228.56
0
1295.11
1.00165
7896.21
1369.81
-6.10352e-005
8056.47
1071.89
9.46924
8228.56
0
1071.89
9.46924
8228.56
1365.76
-0.00012207
8262.44
1369.81
-6.10352e-005
8056.47
0
1365.76
-0.00012207
8262.44
1432.55
-6.10352e-005
8060.33
1369.81
-6.10352e-005
8056.47
0
1365.76
-0.00012207
8262.44
1431.8
-0.00012207
8264.87
1432.55
-6.10352e-005
8060.33
0
1071.89
9.46924
8228.56
1296.01
-8.28088
8408
1365.76
-0.00012207
8262.44
0
1071.89
9.46924
8228.56
1071.89
9.46924
8345.34
1296.01
-8.28088
8408
0
1071.89
9.46924
8345.34
1055.98
9.46924
8419.37
1296.01
-8.28088
8408
0
1055.98
9.46924
8419.37
1284.95
1.80316
8664.36
1296.01
-8.28088
8408
0
1296.01
-8.28088
8408
1284.95
1.80316
8664.36
1422.62
-46.7654
8440.46
0
1422.62
-46.7654
8440.46
1284.95
1.80316
8664.36
1423.31
-46.7654
8646.92
0
1067.41
1.53235
7208.8
1100.04
0
7630.71
1100.12
-0.000244141
7145
0
1067.41
1.53235
7208.8
1063.89
3.06641
7319.36
1100.04
0
7630.71
0
905.607
11.1422
7208.59
1063.89
3.06641
7319.36
1067.41
1.53235
7208.8
0
905.607
11.1422
7208.59
901.823
7.62646
7322.63
1063.89
3.06641
7319.36
0
469.79
-0.00012207
7367.64
901.823
7.62646
7322.63
905.607
11.1422
7208.59
0
469.79
-0.00012207
7367.64
896.956
5.83362
7378.75
901.823
7.62646
7322.63
0
216.086
-6.10352e-005
7097.49
469.79
-0.00012207
7367.64
905.607
11.1422
7208.59
0
216.086
-6.10352e-005
7097.49
905.607
11.1422
7208.59
894.916
-0.00012207
7084.34
0
216.086
-6.10352e-005
7097.49
260.809
-0.00012207
8348.32
469.79
-0.00012207
7367.64
0
469.79
-0.00012207
7367.64
260.809
-0.00012207
8348.32
474.677
4.33038
8178.95
0
474.677
4.33038
8178.95
260.809
-0.00012207
8348.32
375.65
0
8395.99
0
474.677
4.33038
8178.95
375.65
0
8395.99
716.787
4.6272
8404.95
0
474.677
4.33038
8178.95
897.645
4.75439
8231.56
716.787
4.6272
8404.95
0
897.645
4.75439
8231.56
716.787
4.6272
8404.95
863.966
4.75446
8339.78
0
474.677
4.33038
8178.95
897.645
4.75439
8231.56
901.178
4.75439
8180.75
0
897.645
4.75439
8231.56
863.966
4.75446
8339.78
1071.89
9.46924
8228.56
0
1071.89
9.46924
8228.56
1071.89
9.46924
8345.34
863.966
4.75446
8339.78
0
1431.69
-49.6275
6910.11
1879.46
-49.6274
7096.22
1430.98
-47.3133
7109.5
0
1431.69
-49.6275
6910.11
1879.46
-49.6274
7096.22
1872.37
-49.6274
6905.26
0
1435.32
-49.6276
6770.62
1431.69
-49.6275
6910.11
1872.37
-49.6274
6905.26
0
1435.32
-49.6276
6770.62
1872.37
-49.6274
6905.26
1874.57
-49.6274
6770.76
0
1430.98
-47.3133
7109.5
1486.8
-49.6275
7248.38
1879.46
-49.6274
7096.22
0
1430.98
-47.3133
7109.5
1423.26
-49.6276
7246
1486.8
-49.6275
7248.38
0
1486.8
-49.6275
7248.38
1883.44
-49.6275
7724.82
1879.46
-49.6274
7096.22
0
1486.8
-49.6275
7248.38
1498.04
-49.6276
7533.85
1883.44
-49.6275
7724.82
0
1498.04
-49.6276
7533.85
1419.44
-49.6275
7677.05
1883.44
-49.6275
7724.82
0
1416.07
-49.6275
7536.95
1419.44
-49.6275
7677.05
1498.04
-49.6276
7533.85
0
1419.44
-49.6275
7677.05
1420.7
-46.0643
7880
1883.44
-49.6275
7724.82
0
1420.7
-46.0643
7880
1883.44
-49.6275
7724.82
1864.2
-49.6276
8011.01
0
1420.7
-46.0643
7880
1478.46
-49.6276
8023.81
1864.2
-49.6276
8011.01
0
1420.7
-46.0643
7880
1415.9
-49.6274
8009.81
1478.46
-49.6276
8023.81
0
1478.46
-49.6276
8023.81
1495.56
-49.6277
8300.21
1864.2
-49.6276
8011.01
0
1495.56
-49.6277
8300.21
1868.24
-49.6276
8767.05
1864.2
-49.6276
8011.01
0
1495.56
-49.6277
8300.21
1422.62
-46.7654
8440.46
1868.24
-49.6276
8767.05
0
1422.62
-46.7654
8440.46
1423.31
-46.7654
8646.92
1868.24
-49.6276
8767.05
0
1495.56
-49.6277
8300.21
1416.84
-49.6276
8320.26
1422.62
-46.7654
8440.46
0
1423.31
-46.7654
8646.92
1868.24
-49.6276
8767.05
1427.93
-49.6276
8765.35
0
1055.98
9.46924
8419.37
1043.88
-0.00012207
8670.22
1284.95
1.80316
8664.36
0
1365.76
-0.00012207
8262.44
1296.01
-8.28088
8408
1366.16
-0.000244141
8407.37
0
1043.88
-0.00012207
8670.22
1041.6
-0.00012207
8810.21
1284.95
1.80316
8664.36
0
1284.95
1.80316
8664.36
1041.6
-0.00012207
8810.21
1381.48
0
8820.19
0
1284.95
1.80316
8664.36
1381.48
0
8820.19
1372.9
0
8674.5
0
1041.6
-0.00012207
8810.21
1503.36
-6.10352e-005
9184.31
1381.48
0
8820.19
0
1041.6
-0.00012207
8810.21
1041.12
0
9184.22
1503.36
-6.10352e-005
9184.31
0
1381.48
0
8820.19
1503.36
-6.10352e-005
9184.31
1463.34
-6.10352e-005
8820.95
0
1041.12
0
9184.22
1040.33
2.07526
10339.9
1503.36
-6.10352e-005
9184.31
0
1040.33
2.07526
10339.9
1495.67
-0.00012207
10689.4
1503.36
-6.10352e-005
9184.31
0
1040.33
2.07526
10339.9
1312.82
-6.10352e-005
10687.7
1495.67
-0.00012207
10689.4
0
1040.33
2.07526
10339.9
1261.74
-6.10352e-005
10687.6
1312.82
-6.10352e-005
10687.7
0
763.028
5.32471
10653.5
1261.74
-6.10352e-005
10687.6
1040.33
2.07526
10339.9
0
600.271
-32.7329
10551.9
763.028
5.32471
10653.5
1040.33
2.07526
10339.9
0
358.376
0
10348.4
600.271
-32.7329
10551.9
1040.33
2.07526
10339.9
0
358.376
0
10348.4
399.523
2.07532
10501.6
600.271
-32.7329
10551.9
0
763.028
5.32471
10653.5
953.397
-0.0831909
10820.1
1261.74
-6.10352e-005
10687.6
0
953.397
-0.0831909
10820.1
1242.57
0.490906
10820.2
1261.74
-6.10352e-005
10687.6
0
763.028
5.32471
10653.5
726.707
-14.229
10864.3
953.397
-0.0831909
10820.1
0
953.397
-0.0831909
10820.1
726.707
-14.229
10864.3
939.581
9.04346
11057.4
0
726.707
-14.229
10864.3
880.001
10.0657
11192.2
939.581
9.04346
11057.4
0
592.479
-35.4178
10902.7
880.001
10.0657
11192.2
726.707
-14.229
10864.3
0
592.479
-35.4178
10902.7
808.884
3.45038
11251.6
880.001
10.0657
11192.2
0
351.464
0.398987
10905.3
808.884
3.45038
11251.6
592.479
-35.4178
10902.7
0
351.464
0.398987
10905.3
327.535
-0.00012207
11207.7
808.884
3.45038
11251.6
0
327.535
-0.00012207
11207.7
414.375
-0.00012207
11290.8
808.884
3.45038
11251.6
0
1316.27
-216.158
10994.7
1495.67
-0.00012207
10689.4
1312.82
-6.10352e-005
10687.7
0
1316.27
-216.158
10994.7
1421.57
-285.519
11091.2
1495.67
-0.00012207
10689.4
0
1421.57
-285.519
11091.2
1483.81
-293.993
11098.4
1495.67
-0.00012207
10689.4
0
1421.57
-285.519
11091.2
1350.44
-293.399
11397.9
1483.81
-293.993
11098.4
0
1483.81
-293.993
11098.4
1350.44
-293.399
11397.9
1550.7
-293.993
11125.9
0
1350.44
-293.399
11397.9
1611.59
-296.068
11759.8
1550.7
-293.993
11125.9
0
1350.44
-293.399
11397.9
1328.04
-293.4
11618
1611.59
-296.068
11759.8
0
1328.04
-293.4
11618
1378.3
-293.4
11714.3
1611.59
-296.068
11759.8
0
1550.7
-293.993
11125.9
1611.59
-296.068
11759.8
2004.96
-296.068
11113.8
0
1574.17
-296.069
10735
1550.7
-293.993
11125.9
2004.96
-296.068
11113.8
0
1574.17
-296.069
10735
2004.96
-296.068
11113.8
2005.25
-296.068
10733.1
0
2004.96
-296.068
11113.8
1611.59
-296.068
11759.8
2519.15
-293.4
11758
0
2004.96
-296.068
11113.8
2519.15
-293.4
11758
2093.23
-296.068
11113.4
0
2093.23
-296.068
11113.4
2519.15
-293.4
11758
2528.28
-296.068
11345.2
0
2093.23
-296.068
11113.4
2528.28
-296.068
11345.2
2251.36
-296.068
11110.7
0
2251.36
-296.068
11110.7
2528.28
-296.068
11345.2
2532.12
-296.068
11118.7
0
2094.97
-589.996
10667.6
2251.36
-296.068
11110.7
2093.23
-296.068
11113.4
0
2094.97
-589.996
10667.6
2251.36
-296.068
11110.7
2257.87
-591.055
10667.3
0
2082.9
-592.136
10237.5
2094.97
-589.996
10667.6
2257.87
-591.055
10667.3
0
2082.9
-592.136
10237.5
2257.87
-591.055
10667.3
2348.12
-592.136
10243.2
0
2257.87
-591.055
10667.3
2339.95
-592.136
10662.2
2348.12
-592.136
10243.2
0
2348.12
-592.136
10243.2
2339.95
-592.136
10662.2
2413.13
-592.136
10481.3
0
2413.13
-592.136
10481.3
2339.95
-592.136
10662.2
2520.29
-589.996
10646.1
0
2339.95
-592.136
10662.2
2334.89
-591.055
11069.9
2520.29
-589.996
10646.1
0
2334.89
-591.055
11069.9
2522.25
-513.573
11039.5
2520.29
-589.996
10646.1
0
1816.21
-589.996
10237
2094.97
-589.996
10667.6
2082.9
-592.136
10237.5
0
1816.21
-589.996
10237
1539.19
-582.244
10399.3
2094.97
-589.996
10667.6
0
1539.19
-582.244
10399.3
1577.75
-586.289
10547.4
2094.97
-589.996
10667.6
0
1577.75
-586.289
10547.4
1699.85
-587.916
10682.8
2094.97
-589.996
10667.6
0
1541.57
-582.245
10249.6
1539.19
-582.244
10399.3
1816.21
-589.996
10237
0
1584.21
-589.996
10169.6
1816.21
-589.996
10237
1541.57
-582.245
10249.6
0
1169.98
-838.774
10237.2
1539.19
-582.244
10399.3
1541.57
-582.245
10249.6
0
1169.98
-838.774
10237.2
1151.92
-853.767
10408.3
1539.19
-582.244
10399.3
0
