356
6306.11
122.917
1713.58
6303.32
123.149
1859.52
6438.02
32.6498
1857.85
0
6306.11
122.917
1713.58
6438.02
32.6498
1857.85
6427.78
35.4953
1711
0
6427.78
35.4953
1711
6438.02
32.6498
1857.85
6465.06
-6.10352e-005
1954.71
0
6427.78
35.4953
1711
6465.06
-6.10352e-005
1954.71
6472.94
-6.10352e-005
1592.03
0
6472.94
-6.10352e-005
1592.03
6465.06
-6.10352e-005
1954.71
7189.65
-6.10352e-005
1601.85
0
6465.06
-6.10352e-005
1954.71
7169.6
2.42212
1901.67
7189.65
-6.10352e-005
1601.85
0
7189.65
-6.10352e-005
1601.85
7169.6
2.42212
1901.67
7276.93
-6.10352e-005
1902.27
0
7189.65
-6.10352e-005
1601.85
7276.93
-6.10352e-005
1902.27
7579.38
0
1605.53
0
7324.64
9.03784
2051.24
7579.38
0
1605.53
7276.93
-6.10352e-005
1902.27
0
7324.64
9.03784
2051.24
7590.46
0
2068.53
7579.38
0
1605.53
0
7320.47
4.36346
2951.93
7590.46
0
2068.53
7324.64
9.03784
2051.24
0
7320.47
4.36346
2951.93
7461.29
-6.10352e-005
2971.24
7590.46
0
2068.53
0
7461.29
-6.10352e-005
2971.24
7577.94
-6.10352e-005
2957.93
7590.46
0
2068.53
0
7222.8
4.36359
2937.23
7320.47
4.36346
2951.93
7324.64
9.03784
2051.24
0
7222.8
4.36359
2937.23
7324.64
9.03784
2051.24
7224.6
0
2081.73
0
7331.49
4.36353
3060.11
7461.29
-6.10352e-005
2971.24
7320.47
4.36346
2951.93
0
7331.49
4.36353
3060.11
7460.56
0
3060.59
7461.29
-6.10352e-005
2971.24
0
7460.56
0
3060.59
7331.49
4.36353
3060.11
7292.17
3.2804
3542.8
0
7594.75
-0.000244141
3713.21
7460.56
0
3060.59
7292.17
3.2804
3542.8
0
7594.75
-0.000244141
3713.21
7616.53
-0.000244141
3062.85
7460.56
0
3060.59
0
7292.17
3.2804
3542.8
7331.49
4.36353
3060.11
7198.79
3.2804
3435.35
0
7331.49
4.36353
3060.11
7156.13
0
3062.05
7198.79
3.2804
3435.35
0
7292.17
3.2804
3542.8
7198.79
3.2804
3435.35
7189.83
3.28027
3541.99
0
7594.75
-0.000244141
3713.21
7292.17
3.2804
3542.8
7300.26
-0.000244141
3712.32
0
7294.65
9.01978
4074.88
7594.75
-0.000244141
3713.21
7300.26
-0.000244141
3712.32
0
7605.61
0
4232.49
7594.75
-0.000244141
3713.21
7294.65
9.01978
4074.88
0
7605.61
0
4232.49
7294.65
9.01978
4074.88
7292.61
0
4223.7
0
7520.14
0
4562.92
7605.61
0
4232.49
7292.61
0
4223.7
0
7520.14
0
4562.92
7292.61
0
4223.7
7257
-0.00012207
4562.37
0
7257
-0.00012207
4562.37
7292.61
0
4223.7
7050.82
-0.00012207
4224.79
0
7257
-0.00012207
4562.37
7050.82
-0.00012207
4224.79
7047.93
-0.00012207
4570.95
0
7601.19
0
4578.51
7605.61
0
4232.49
7520.14
0
4562.92
0
7300.26
-0.000244141
3712.32
7294.65
9.01978
4074.88
7209.13
61.946
3710.15
0
7294.65
9.01978
4074.88
7209.13
61.946
3710.15
7197.84
66.4635
4068.44
0
7112.92
67.0306
3892.63
7197.84
66.4635
4068.44
7209.13
61.946
3710.15
0
7119.7
63.75
3603.84
7112.92
67.0306
3892.63
7209.13
61.946
3710.15
0
7119.7
63.75
3603.84
7209.13
61.946
3710.15
7200.88
63.75
3605.75
0
7112.92
67.0306
3892.63
7124.38
74.3637
4178.16
7197.84
66.4635
4068.44
0
7124.38
74.3637
4178.16
7194.76
63.75
4179.52
7197.84
66.4635
4068.44
0
7257
-0.00012207
4562.37
7308.92
65.4373
4611.64
7520.14
0
4562.92
0
7308.92
65.4373
4611.64
7482.15
60.9694
4610.61
7520.14
0
4562.92
0
7308.92
65.4373
4611.64
7482.15
60.9694
4610.61
7294.7
63.7499
4742.45
0
7294.7
63.7499
4742.45
7482.15
60.9694
4610.61
7508.55
63.7499
4743.14
0
7294.7
63.7499
4742.45
7288.51
67.2485
4952.63
7508.55
63.7499
4743.14
0
7508.55
63.7499
4743.14
7288.51
67.2485
4952.63
7497.45
67.2484
4947.51
0
7288.51
67.2485
4952.63
7497.45
67.2484
4947.51
7288.3
57.7971
5080.04
0
7497.45
67.2484
4947.51
7288.3
57.7971
5080.04
7504.06
61.2482
5065.96
0
7508.55
63.7499
4743.14
7497.45
67.2484
4947.51
7553.26
63.7499
4742.48
0
7497.45
67.2484
4947.51
7559.96
63.75
4945.64
7553.26
63.7499
4742.48
0
7553.26
63.7499
4742.48
7559.96
63.75
4945.64
7896.99
63.7501
4849.15
0
7559.96
63.75
4945.64
7868.85
63.7501
4950.85
7896.99
63.7501
4849.15
0
7559.96
63.75
4945.64
7717.69
63.75
5072.62
7868.85
63.7501
4950.85
0
7559.96
63.75
4945.64
7560.6
63.75
5078.08
7717.69
63.75
5072.62
0
7553.26
63.7499
4742.48
7896.99
63.7501
4849.15
7864.54
63.7498
4736.36
0
7766.57
63.7501
4632.69
7553.26
63.7499
4742.48
7864.54
63.7498
4736.36
0
7553.49
63.75
4609.23
7553.26
63.7499
4742.48
7766.57
63.7501
4632.69
0
7288.51
67.2485
4952.63
7231.44
63.75
4950.16
7294.7
63.7499
4742.45
0
7294.7
63.7499
4742.45
7225.3
63.7499
4741.03
7231.44
63.75
4950.16
0
7231.44
63.75
4950.16
7017.55
63.7499
4620.92
7225.3
63.7499
4741.03
0
7225.3
63.7499
4741.03
7231.78
63.7499
4613.13
7017.55
63.7499
4620.92
0
7231.44
63.75
4950.16
7017.55
63.7499
4620.92
7015.83
63.7499
5080.51
0
7237.94
63.7499
5081.34
7015.83
63.7499
5080.51
7231.44
63.75
4950.16
0
7015.83
63.7499
5080.51
7017.55
63.7499
4620.92
6459.45
63.7499
4743.67
0
6459.45
63.7499
4743.67
7017.55
63.7499
4620.92
6712.2
66.1555
4498.48
0
6459.45
63.7499
4743.67
6712.2
66.1555
4498.48
6538
63.7496
4592.44
0
7017.55
63.7499
4620.92
6884.21
66.1554
4548.42
6712.2
66.1555
4498.48
0
6476.43
63.7499
5069.33
7015.83
63.7499
5080.51
6459.45
63.7499
4743.67
0
6471.58
68.1856
5380.05
7015.83
63.7499
5080.51
6476.43
63.7499
5069.33
0
6471.58
68.1856
5380.05
7010.87
63.7499
5393.06
7015.83
63.7499
5080.51
0
7288.3
57.7971
5080.04
7504.06
61.2482
5065.96
7275.42
-6.10352e-005
5148.06
0
7275.42
-6.10352e-005
5148.06
7528.68
0
5136.8
7504.06
61.2482
5065.96
0
7275.42
-6.10352e-005
5148.06
7296.68
-6.10352e-005
5454.24
7528.68
0
5136.8
0
7066.19
3.77161
5131.12
7296.68
-6.10352e-005
5454.24
7275.42
-6.10352e-005
5148.06
0
7066.19
3.77161
5131.12
7042.63
-0.00012207
5449.13
7296.68
-6.10352e-005
5454.24
0
7296.68
-6.10352e-005
5454.24
7621.88
-0.000366211
5470.17
7528.68
0
5136.8
0
7528.68
0
5136.8
7621.88
-0.000366211
5470.17
7617.17
-6.10352e-005
5112.62
0
7296.68
-6.10352e-005
5454.24
7317.33
-6.10352e-005
5518.27
7621.88
-0.000366211
5470.17
0
7317.33
-6.10352e-005
5518.27
7623
-0.000244141
5838.15
7621.88
-0.000366211
5470.17
0
7317.33
-6.10352e-005
5518.27
7320.1
3.61108
5820.46
7623
-0.000244141
5838.15
0
7320.1
3.61108
5820.46
7299.52
-0.000244141
5887.8
7623
-0.000244141
5838.15
0
7225.81
62.8585
5505.94
7320.1
3.61108
5820.46
7317.33
-6.10352e-005
5518.27
0
7225.81
62.8585
5505.94
7228.54
61.4974
5829.31
7320.1
3.61108
5820.46
0
7032.16
63.7499
5505.57
7228.54
61.4974
5829.31
7225.81
62.8585
5505.94
0
7032.16
63.7499
5505.57
7030.94
63.7498
5816.42
7228.54
61.4974
5829.31
0
7299.52
-0.000244141
5887.8
7631.35
-0.000244141
6116.02
7623
-0.000244141
5838.15
0
7299.52
-0.000244141
5887.8
7194.35
-0.000244141
6001.99
7631.35
-0.000244141
6116.02
0
7194.35
-0.000244141
6001.99
7165.56
-0.00012207
6112.02
7631.35
-0.000244141
6116.02
0
7199.26
-0.000244141
5885
7194.35
-0.000244141
6001.99
7299.52
-0.000244141
5887.8
0
7165.56
-0.00012207
6112.02
7286.24
0
6730.43
7631.35
-0.000244141
6116.02
0
7286.24
0
6730.43
7498.58
-0.00012207
6728.57
7631.35
-0.000244141
6116.02
0
7165.56
-0.00012207
6112.02
7171.67
0
6728.71
7286.24
0
6730.43
0
7498.58
-0.00012207
6728.57
7623.9
0
6731.36
7631.35
-0.000244141
6116.02
0
7286.24
0
6730.43
7299.34
4.98157
7664.41
7498.58
-0.00012207
6728.57
0
7299.34
4.98157
7664.41
7484.15
4.98169
7668.52
7498.58
-0.00012207
6728.57
0
7299.34
4.98157
7664.41
7290.32
4.98169
7873.44
7484.15
4.98169
7668.52
0
7290.32
4.98169
7873.44
7484.49
4.98169
7864.75
7484.15
4.98169
7668.52
0
7484.15
4.98169
7668.52
7484.49
4.98169
7864.75
8312.89
4.54199
7879.45
0
8312.89
4.54199
7879.45
8455.62
2.58057
7674.94
7484.15
4.98169
7668.52
0
8312.89
4.54199
7879.45
8319.02
4.54199
7955.13
8455.62
2.58057
7674.94
0
8319.02
4.54199
7955.13
8648.7
-0.000244141
8132.2
8455.62
2.58057
7674.94
0
8648.7
-0.000244141
8132.2
8637.75
1.50232
7687.58
8455.62
2.58057
7674.94
0
8316.55
4.54211
8109.28
8648.7
-0.000244141
8132.2
8319.02
4.54199
7955.13
0
8497.57
-129.053
7507.17
8455.62
2.58057
7674.94
8637.75
1.50232
7687.58
0
8628.08
-318.75
7253.44
8497.57
-129.053
7507.17
8637.75
1.50232
7687.58
0
8628.08
-318.75
7253.44
8472.18
-318.75
7246.3
8497.57
-129.053
7507.17
0
8472.18
-318.75
7246.3
8628.08
-318.75
7253.44
8638.41
-318.75
6793.41
0
8396.53
-318.75
7232.24
8472.18
-318.75
7246.3
8638.41
-318.75
6793.41
0
8396.53
-318.75
7232.24
8638.41
-318.75
6793.41
7587.28
-318.75
6846.81
0
7590.27
-315.919
7594.23
8396.53
-318.75
7232.24
7587.28
-318.75
6846.81
0
7590.27
-315.919
7594.23
8402.21
-318.75
7607.14
8396.53
-318.75
7232.24
0
7884.99
321.14
7941.69
8316.55
4.54211
8109.28
8319.02
4.54199
7955.13
0
7884.99
321.14
7941.69
7872.05
320.216
8115.19
8316.55
4.54211
8109.28
0
7338.5
318.75
7949.7
7872.05
320.216
8115.19
7884.99
321.14
7941.69
0
7338.5
318.75
7949.7
7386.65
321.581
8366.53
7872.05
320.216
8115.19
0
7386.65
321.581
8366.53
7878.49
318.75
8179.21
7872.05
320.216
8115.19
0
7386.65
321.581
8366.53
8421.94
318.75
8372.34
7878.49
318.75
8179.21
0
8421.94
318.75
8372.34
8640.67
318.75
8192.87
7878.49
318.75
8179.21
0
8421.94
318.75
8372.34
8538.35
318.75
8361.8
8640.67
318.75
8192.87
0
8538.35
318.75
8361.8
8636.26
318.75
8359.29
8640.67
318.75
8192.87
0
8421.4
318.75
8523.19
8538.35
318.75
8361.8
8421.94
318.75
8372.34
0
8421.4
318.75
8523.19
8549.63
318.75
8536.04
8538.35
318.75
8361.8
0
8421.4
318.75
8523.19
8227.98
320.903
9087.44
8549.63
318.75
8536.04
0
8549.63
318.75
8536.04
8227.98
320.903
9087.44
8635.59
318.75
9069.32
0
8549.63
318.75
8536.04
8635.59
318.75
9069.32
8641.28
318.75
8539.19
0
8252.15
318.75
8615.82
8227.98
320.903
9087.44
8421.4
318.75
8523.19
0
8100.09
320.59
8670.26
8227.98
320.903
9087.44
8252.15
318.75
8615.82
0
7979.77
320.903
8656.65
8227.98
320.903
9087.44
8100.09
320.59
8670.26
0
7979.77
320.903
8656.65
7848.42
318.75
9089.8
8227.98
320.903
9087.44
0
7770.94
320.903
8533.3
7848.42
318.75
9089.8
7979.77
320.903
8656.65
0
7770.94
320.903
8533.3
7979.77
320.903
8656.65
7961.37
320.903
8554.03
0
7388.95
320.59
8779.58
7848.42
318.75
9089.8
7770.94
320.903
8533.3
0
7386.3
318.75
8541.83
7388.95
320.59
8779.58
7770.94
320.903
8533.3
0
7388.95
320.59
8779.58
7382.99
320.59
8939.57
7848.42
318.75
9089.8
0
7382.99
320.59
8939.57
7381
320.59
9086.62
7848.42
318.75
9089.8
0
7219.81
318.75
8774
7382.99
320.59
8939.57
7388.95
320.59
8779.58
0
7219.81
318.75
8774
7208.96
318.75
8946.48
7382.99
320.59
8939.57
0
7208.96
318.75
8946.48
7219.81
318.75
8774
6917.5
318.75
8188.15
0
6236.44
318.75
9091.96
7208.96
318.75
8946.48
6917.5
318.75
8188.15
0
6236.44
318.75
9091.96
7220.73
318.75
9092.27
7208.96
318.75
8946.48
0
6236.44
318.75
9091.96
6917.5
318.75
8188.15
6237.81
318.75
8205.15
0
7219.81
318.75
8774
7229.96
336.795
8217.08
6917.5
318.75
8188.15
0
7229.96
336.795
8217.08
6920.53
321.344
8124.1
6917.5
318.75
8188.15
0
7229.96
336.795
8217.08
6907.65
320.218
7944.26
6920.53
321.344
8124.1
0
7229.96
336.795
8217.08
7231.44
318.75
7676.16
6907.65
320.218
7944.26
0
7231.44
318.75
7676.16
6916.5
318.75
7679.47
6907.65
320.218
7944.26
0
6920.53
321.344
8124.1
6907.65
320.218
7944.26
6466.96
-0.00012207
8102.96
0
6466.96
-0.00012207
8102.96
6907.65
320.218
7944.26
6461.41
0
7947.06
0
6466.96
-0.00012207
8102.96
6461.41
0
7947.06
5638.2
-0.000244141
8003.92
0
5638.2
-0.000244141
8003.92
5636.81
-0.000244141
8139.44
6466.96
-0.00012207
8102.96
0
5638.2
-0.000244141
8003.92
6461.41
0
7947.06
6457.75
-0.000244141
7867.5
0
6457.75
-0.000244141
7867.5
5638.2
-0.000244141
8003.92
5630.53
-3.05176e-005
7685.93
0
6880
-0.00012207
7676.1
5630.53
-3.05176e-005
7685.93
6457.75
-0.000244141
7867.5
0
6897.11
-0.00012207
7887.87
6880
-0.00012207
7676.1
6457.75
-0.000244141
7867.5
0
5638.2
-0.000244141
8003.92
5630.53
-3.05176e-005
7685.93
5531.45
-0.000244141
8008.27
0
5531.45
-0.000244141
8008.27
5630.53
-3.05176e-005
7685.93
5549.02
-0.00012207
7684.81
0
5187.38
-0.00012207
8058.27
5531.45
-0.000244141
8008.27
5549.02
-0.00012207
7684.81
0
5187.38
-0.00012207
8058.27
5549.02
-0.00012207
7684.81
5225.3
0
7679.58
0
5004.28
-0.00012207
8082.11
5187.38
-0.00012207
8058.27
5225.3
0
7679.58
0
5004.28
-0.00012207
8082.11
5225.3
0
7679.58
5030.91
10.5088
7684.83
0
5004.48
0
8185.96
5187.38
-0.00012207
8058.27
5004.28
-0.00012207
8082.11
0
5004.48
0
8185.96
5182.06
-6.10352e-005
8178.01
5187.38
-0.00012207
8058.27
0
5004.28
-0.00012207
8082.11
5030.91
10.5088
7684.83
4458.16
0
8081.55
0
4458.16
0
8081.55
5030.91
10.5088
7684.83
4441.67
-0.000244141
7663.7
0
4458.16
0
8081.55
4441.67
-0.000244141
7663.7
4229.44
13.2633
7665.52
0
4216.39
0
8086.74
4458.16
0
8081.55
4229.44
13.2633
7665.52
0
4212.95
-0.00012207
8186.57
4458.16
0
8081.55
4216.39
0
8086.74
0
4212.95
-0.00012207
8186.57
4453.85
-6.10352e-005
8189.07
4458.16
0
8081.55
0
3672.83
-6.10352e-005
8071.07
4216.39
0
8086.74
4229.44
13.2633
7665.52
0
3672.83
-6.10352e-005
8071.07
4229.44
13.2633
7665.52
3162.39
-6.10352e-005
7681.02
0
3491.61
-6.10352e-005
8071.74
3672.83
-6.10352e-005
8071.07
3162.39
-6.10352e-005
7681.02
0
3153.16
-6.10352e-005
7843.84
3491.61
-6.10352e-005
8071.74
3162.39
-6.10352e-005
7681.02
0
3160.27
-6.10352e-005
7993.57
3491.61
-6.10352e-005
8071.74
3153.16
-6.10352e-005
7843.84
0
3156.94
-6.10352e-005
8076.8
3491.61
-6.10352e-005
8071.74
3160.27
-6.10352e-005
7993.57
0
3675.8
0
8204.72
3672.83
-6.10352e-005
8071.07
3491.61
-6.10352e-005
8071.74
0
3494.82
-6.10352e-005
8206.15
3675.8
0
8204.72
3491.61
-6.10352e-005
8071.74
0
5182.06
-6.10352e-005
8178.01
5004.48
0
8185.96
4962.27
-0.000244141
8568.16
0
5467.66
0
8558.7
5182.06
-6.10352e-005
8178.01
4962.27
-0.000244141
8568.16
0
5467.66
0
8558.7
5479.43
-0.000244141
8184.62
5182.06
-6.10352e-005
8178.01
0
4453.85
-6.10352e-005
8189.07
4962.27
-0.000244141
8568.16
5004.48
0
8185.96
0
4453.85
-6.10352e-005
8189.07
4222
0
8584.69
4962.27
-0.000244141
8568.16
0
4212.95
-0.00012207
8186.57
4453.85
-6.10352e-005
8189.07
4222
0
8584.69
0
3675.8
0
8204.72
4222
0
8584.69
4212.95
-0.00012207
8186.57
0
3675.8
0
8204.72
3505.61
1.67834
8555.63
4222
0
8584.69
0
3494.82
-6.10352e-005
8206.15
3505.61
1.67834
8555.63
3675.8
0
8204.72
0
3150.21
-0.00012207
8199.44
3505.61
1.67834
8555.63
3494.82
-6.10352e-005
8206.15
0
3150.21
-0.00012207
8199.44
3140.82
-0.00012207
8570.08
3505.61
1.67834
8555.63
0
3064.54
0
7836.71
3153.16
-6.10352e-005
7843.84
3160.27
-6.10352e-005
7993.57
0
3064.54
0
7836.71
3061.83
-3.05176e-005
7968.53
3160.27
-6.10352e-005
7993.57
0
3061.83
-3.05176e-005
7968.53
3064.54
0
7836.71
2401.14
-0.000244141
8142.63
0
3056.76
-0.00012207
8148.98
3061.83
-3.05176e-005
7968.53
2401.14
-0.000244141
8142.63
0
3064.54
0
7836.71
2425.42
0.00012207
7723.97
2401.14
-0.000244141
8142.63
0
3064.54
0
7836.71
3054.01
-0.00012207
7725.43
2425.42
0.00012207
7723.97
0
1741.34
0
7864.52
2401.14
-0.000244141
8142.63
2425.42
0.00012207
7723.97
0
1887.06
-0.000244141
7742.43
1741.34
0
7864.52
2425.42
0.00012207
7723.97
0
1741.34
0
7864.52
1916.6
0
8209.9
2401.14
-0.000244141
8142.63
0
1916.6
0
8209.9
2401.24
-0.00012207
8207.66
2401.14
-0.000244141
8142.63
0
1622
4.19983
8058.77
1916.6
0
8209.9
1741.34
0
7864.52
0
1491.35
-6.10352e-005
7845.55
1622
4.19983
8058.77
1741.34
0
7864.52
0
1491.35
-6.10352e-005
7845.55
1490.39
4.19989
8069.56
1622
4.19983
8058.77
0
1196.29
1.42706
8070.17
1490.39
4.19989
8069.56
1491.35
-6.10352e-005
7845.55
0
1196.29
1.42706
8070.17
1370.86
4.19983
8192.94
1490.39
4.19989
8069.56
0
1196.29
1.42706
8070.17
1225.86
2.03839
8194.29
1370.86
4.19983
8192.94
0
1376.15
0
7796.75
1196.29
1.42706
8070.17
1491.35
-6.10352e-005
7845.55
0
1376.15
0
7796.75
1157.39
1.37524
7912.08
1196.29
1.42706
8070.17
0
1201.39
0
7737.92
1157.39
1.37524
7912.08
1376.15
0
7796.75
0
1329.59
0
7724.1
1201.39
0
7737.92
1376.15
0
7796.75
0
1345.24
3.76721
7619.84
1201.39
0
7737.92
1329.59
0
7724.1
0
1345.24
3.76721
7619.84
1214.69
-0.00012207
7604.13
1201.39
0
7737.92
0
1214.69
-0.00012207
7604.13
1503.7
4.19995
6845.8
1345.24
3.76721
7619.84
0
1345.24
3.76721
7619.84
1501.33
4.20007
7546.49
1503.7
4.19995
6845.8
0
1501.33
4.20007
7546.49
1957.49
-6.10352e-005
7605.48
1503.7
4.19995
6845.8
0
1957.49
-6.10352e-005
7605.48
1960.17
0
6849.94
1503.7
4.19995
6845.8
0
1214.69
-0.00012207
7604.13
1503.7
4.19995
6845.8
1151.5
0
7095.63
0
1147.57
2.03809
6941.59
1151.5
0
7095.63
1503.7
4.19995
6845.8
0
1147.57
2.03809
6941.59
1503.7
4.19995
6845.8
1156.12
2.03821
6842.68
0
1093.7
2.03833
6935.27
1151.5
0
7095.63
1147.57
2.03809
6941.59
0
1093.7
2.03833
6935.27
1096.08
0
7090.23
1151.5
0
7095.63
0
689.869
296.068
6918.04
1096.08
0
7090.23
1093.7
2.03833
6935.27
0
689.869
296.068
6918.04
678.782
296.068
7100.72
1096.08
0
7090.23
0
329.723
299.835
6903.29
678.782
296.068
7100.72
689.869
296.068
6918.04
0
329.723
299.835
6903.29
338.109
296.068
7103.25
678.782
296.068
7100.72
0
336.428
296.068
6820.11
329.723
299.835
6903.29
689.869
296.068
6918.04
0
336.428
296.068
6820.11
689.869
296.068
6918.04
669.365
296.068
6826.83
0
338.109
296.068
7103.25
598.485
297.608
7203.76
678.782
296.068
7100.72
0
338.109
296.068
7103.25
624.461
296.068
8737.19
598.485
297.608
7203.76
0
338.109
296.068
7103.25
339.413
296.068
9106.05
624.461
296.068
8737.19
0
624.461
296.068
8737.19
339.413
296.068
9106.05
671.924
296.068
8824.31
0
674.227
296.068
9014.09
671.924
296.068
8824.31
339.413
296.068
9106.05
0
339.413
296.068
9106.05
668.023
296.068
9102.87
674.227
296.068
9014.09
0
1119.17
-0.000244141
9006.35
671.924
296.068
8824.31
674.227
296.068
9014.09
0
1119.17
-0.000244141
9006.35
1150.77
-0.000244141
8847.01
671.924
296.068
8824.31
0
1150.77
-0.000244141
8847.01
1119.17
-0.000244141
9006.35
1947.58
1.18213
9089.69
0
1119.17
-0.000244141
9006.35
1359.85
-0.000244141
9083.48
1947.58
1.18213
9089.69
0
1119.17
-0.000244141
9006.35
1191.42
-0.000366211
9089.18
1359.85
-0.000244141
9083.48
0
1150.77
-0.000244141
8847.01
1947.58
1.18213
9089.69
1949.29
-0.000244141
8316.7
0
1177.41
2.03833
8320.65
1150.77
-0.000244141
8847.01
1949.29
-0.000244141
8316.7
0
1210.81
-6.10352e-005
9176.13
1359.85
-0.000244141
9083.48
1191.42
-0.000366211
9089.18
0
1210.81
-6.10352e-005
9176.13
1337.98
-6.10352e-005
9173.84
1359.85
-0.000244141
9083.48
0
1210.81
-6.10352e-005
9176.13
1182.89
3.28052
9667.59
1337.98
-6.10352e-005
9173.84
0
1210.81
-6.10352e-005
9176.13
1071.19
3.28046
9557.23
1182.89
3.28052
9667.59
0
1044.79
0
9184.33
1071.19
3.28046
9557.23
1210.81
-6.10352e-005
9176.13
0
1337.98
-6.10352e-005
9173.84
1182.89
3.28052
9667.59
1509.51
-0.000183105
9676.86
0
1501.27
-0.00012207
9191.32
1337.98
-6.10352e-005
9173.84
1509.51
-0.000183105
9676.86
0
1182.89
3.28052
9667.59
1181.22
-6.10352e-005
9838.8
1509.51
-0.000183105
9676.86
0
1181.22
-6.10352e-005
9838.8
1506.98
-0.00012207
10040.7
1509.51
-0.000183105
9676.86
0
1181.22
-6.10352e-005
9838.8
1183.92
3.31775
10178.5
1506.98
-0.00012207
10040.7
0
1183.92
3.31775
10178.5
1181.5
-0.00012207
10344.8
1506.98
-0.00012207
10040.7
0
1181.5
-0.00012207
10344.8
1511.13
-6.10352e-005
10694.2
1506.98
-0.00012207
10040.7
0
1181.5
-0.00012207
10344.8
1400.68
-6.10352e-005
10680.7
1511.13
-6.10352e-005
10694.2
0
1181.5
-0.00012207
10344.8
1135.12
-0.00012207
10680.5
1400.68
-6.10352e-005
10680.7
0
933.121
0
10343.2
1135.12
-0.00012207
10680.5
1181.5
-0.00012207
10344.8
0
933.121
0
10343.2
936.326
-0.000183105
10693.4
1135.12
-0.00012207
10680.5
0
1070.61
67.5895
9829.07
1183.92
3.31775
10178.5
1181.22
-6.10352e-005
9838.8
0
1070.61
67.5895
9829.07
1081.92
66.6593
10186.3
1183.92
3.31775
10178.5
0
980.648
63.7499
9731.64
1081.92
66.6593
10186.3
1070.61
67.5895
9829.07
0
980.648
63.7499
9731.64
962.99
63.7499
10242.3
1081.92
66.6593
10186.3
0
962.99
63.7499
10242.3
1070.2
63.7499
10292.5
1081.92
66.6593
10186.3
0
980.648
63.7499
9731.64
1070.61
67.5895
9829.07
1075.72
63.7499
9719.81
0
1135.12
-0.00012207
10680.5
1168.03
57.8417
10730.2
1400.68
-6.10352e-005
10680.7
0
1168.03
57.8417
10730.2
1383.4
57.7768
10735.5
1400.68
-6.10352e-005
10680.7
0
1383.4
57.7768
10735.5
1168.03
57.8417
10730.2
1175.86
63.7499
10862.3
0
1175.86
63.7499
10862.3
1384.31
63.7499
10863.8
1383.4
57.7768
10735.5
0
1175.86
63.7499
10862.3
1166.57
67.2485
11068.6
1384.31
63.7499
10863.8
0
1166.57
67.2485
11068.6
1379.14
67.2485
11062
1384.31
63.7499
10863.8
0
1111.76
63.7499
10862.4
1166.57
67.2485
11068.6
1175.86
63.7499
10862.3
0
1111.76
63.7499
10862.4
1112.5
63.75
11068.3
1166.57
67.2485
11068.6
0
882.338
63.7499
10738.9
1112.5
63.75
11068.3
1111.76
63.7499
10862.4
0
882.338
63.7499
10738.9
898.647
63.7501
11193.7
1112.5
63.75
11068.3
0
1112.5
63.75
11068.3
898.647
63.7501
11193.7
1116.19
63.7499
11194.1
0
882.338
63.7499
10738.9
1111.76
63.7499
10862.4
1120.67
63.7499
10734.6
0
324.14
63.75
10839.7
898.647
63.7501
11193.7
882.338
63.7499
10738.9
0
416.565
63.7499
10713.8
324.14
63.75
10839.7
882.338
63.7499
10738.9
0
756.677
66.1554
10645.4
416.565
63.7499
10713.8
882.338
63.7499
10738.9
0
756.677
66.1554
10645.4
480.865
66.1554
10589.3
416.565
63.7499
10713.8
0
326.477
63.7499
11129.8
324.14
63.75
10839.7
898.647
63.7501
11193.7
0
326.477
63.7499
11129.8
362.733
68.1854
11494.5
898.647
63.7501
11193.7
0
880.375
63.7499
11512.6
362.733
68.1854
11494.5
898.647
63.7501
11193.7
0
1426.31
63.7498
10870
1384.31
63.7499
10863.8
1379.14
67.2485
11062
0
1426.31
63.7498
10870
1379.14
67.2485
11062
1435.24
63.7498
11071.7
0
1765.03
63.7501
10978.4
1426.31
63.7498
10870
1435.24
63.7498
11071.7
0
1765.03
63.7501
10978.4
1714.55
63.7501
10827.8
1426.31
63.7498
10870
0
1714.55
63.7501
10827.8
1605.76
63.7499
10745.9
1426.31
63.7498
10870
0
1605.76
63.7499
10745.9
1430.64
63.7498
10741.7
1426.31
63.7498
10870
0
1765.03
63.7501
10978.4
1435.24
63.7498
11071.7
1700.59
63.7498
11125.1
0
1700.59
63.7498
11125.1
1589.25
63.7495
11188.3
1435.24
63.7498
11071.7
0
1427.77
63.75
11201.3
1589.25
63.7495
11188.3
1435.24
63.7498
11071.7
0
1166.57
67.2485
11068.6
1370.11
67.7898
11186.5
1379.14
67.2485
11062
0
1175.86
64.6468
11194.1
1370.11
67.7898
11186.5
1166.57
67.2485
11068.6
0
1370.11
67.7898
11186.5
1175.86
64.6468
11194.1
1398.24
-0.000183105
11246.6
0
1136.48
-6.10352e-005
11250.2
1398.24
-0.000183105
11246.6
1175.86
64.6468
11194.1
0
1136.48
-6.10352e-005
11250.2
1171.49
-0.000183105
11582.1
1398.24
-0.000183105
11246.6
0
938.686
3.77167
11248.8
1171.49
-0.000183105
11582.1
1136.48
-6.10352e-005
11250.2
0
938.686
3.77167
11248.8
930.319
-6.10352e-005
11577
1171.49
-0.000183105
11582.1
0
1398.24
-0.000183105
11246.6
1171.49
-0.000183105
11582.1
1504.57
-0.00012207
11241.8
0
1171.49
-0.000183105
11582.1
1191.09
-0.00012207
11643.7
1504.57
-0.00012207
11241.8
0
1191.09
-0.00012207
11643.7
1505.04
-0.000244141
11820.9
1504.57
-0.00012207
11241.8
0
1191.09
-0.00012207
11643.7
1191.85
-0.000244141
11947.6
1505.04
-0.000244141
11820.9
0
1105.01
63.217
11633.2
1191.85
-0.000244141
11947.6
1191.09
-0.00012207
11643.7
0
1105.01
63.217
11633.2
1099.28
67.1086
11949
1191.85
-0.000244141
11947.6
0
920.741
63.7499
11635.1
1099.28
67.1086
11949
1105.01
63.217
11633.2
0
920.741
63.7499
11635.1
911.706
63.7499
11945.4
1099.28
67.1086
11949
0
1191.85
-0.000244141
11947.6
1201.59
-0.00012207
12003.6
1505.04
-0.000244141
11820.9
0
1201.59
-0.00012207
12003.6
1508.2
-0.000244141
12236.2
1505.04
-0.000244141
11820.9
0
1081.52
-0.00012207
12011.8
1508.2
-0.000244141
12236.2
1201.59
-0.00012207
12003.6
0
1081.52
-0.00012207
12011.8
1058.95
-0.00012207
12235.5
1508.2
-0.000244141
12236.2
0
1058.95
-0.00012207
12235.5
1061.96
2.07544
13403.2
1508.2
-0.000244141
12236.2
0
1061.96
2.07544
13403.2
1505.87
0
13401.6
1508.2
-0.000244141
12236.2
0
1061.96
2.07544
13403.2
1320.8
0
13749.2
1505.87
0
13401.6
0
1061.96
2.07544
13403.2
1256.4
-0.00012207
13747.6
1320.8
0
13749.2
0
1320.8
0
13749.2
1482.73
-0.000366211
13753.6
1505.87
0
13401.6
0
1061.96
2.07544
13403.2
749.131
20.8293
13628.5
1256.4
-0.00012207
13747.6
0
625.794
5.74976
13527.9
749.131
20.8293
13628.5
1061.96
2.07544
13403.2
0
625.794
5.74976
13527.9
335.949
0.00012207
13404.7
1061.96
2.07544
13403.2
0
335.949
0.00012207
13404.7
353.503
5.04944
13528.4
625.794
5.74976
13527.9
0
1004.12
0.492249
13871.8
1256.4
-0.00012207
13747.6
749.131
20.8293
13628.5
0
1213.88
0.117065
13969.5
1256.4
-0.00012207
13747.6
1004.12
0.492249
13871.8
0
1213.88
0.117065
13969.5
1251.97
0.40448
13975.8
1256.4
-0.00012207
13747.6
0
749.131
20.8293
13628.5
711.733
-14.1393
13975.8
1004.12
0.492249
13871.8
0
711.733
-14.1393
13975.8
948.728
-19.7863
14008.2
1004.12
0.492249
13871.8
0
711.733
-14.1393
13975.8
951.822
3.45032
14310.5
948.728
-19.7863
14008.2
0
372.868
-0.00012207
14346.4
951.822
3.45032
14310.5
711.733
-14.1393
13975.8
0
347.07
0.240845
13977.3
372.868
-0.00012207
14346.4
711.733
-14.1393
13975.8
0
1324.43
-230.127
14063.7
1482.73
-0.000366211
13753.6
1320.8
0
13749.2
0
1415.1
-285.626
14150.8
1482.73
-0.000366211
13753.6
1324.43
-230.127
14063.7
0
1415.1
-285.626
14150.8
1487.81
-293.993
14156.3
1482.73
-0.000366211
13753.6
0
1415.1
-285.626
14150.8
1443.33
-293.993
14380.2
1487.81
-293.993
14156.3
0
1487.81
-293.993
14156.3
1443.33
-293.993
14380.2
1569.45
-293.993
14161.1
0
1569.45
-293.993
14161.1
1443.33
-293.993
14380.2
2013.34
-296.068
14175.2
0
1569.45
-293.993
14161.1
2013.34
-296.068
14175.2
2009.39
-296.068
13797.8
0
1554.89
-296.068
13792.7
2009.39
-296.068
13797.8
1569.45
-293.993
14161.1
0
1443.33
-293.993
14380.2
1626.89
-296.068
14827.9
2013.34
-296.068
14175.2
0
1443.33
-293.993
14380.2
1330.8
-293.4
14500.9
1626.89
-296.068
14827.9
0
1330.8
-293.4
14500.9
1334.23
-293.4
14665.9
1626.89
-296.068
14827.9
0
1334.23
-293.4
14665.9
1373.48
-293.4
14766
1626.89
-296.068
14827.9
0
1626.89
-296.068
14827.9
2056.24
-296.068
14806.6
2013.34
-296.068
14175.2
0
2056.24
-296.068
14806.6
2084.33
-296.068
14176.9
2013.34
-296.068
14175.2
0
2056.24
-296.068
14806.6
2525.76
-293.4
14804.6
2084.33
-296.068
14176.9
0
2525.76
-293.4
14804.6
2252.21
-296.068
14178.4
2084.33
-296.068
14176.9
0
2525.76
-293.4
14804.6
2508.75
-296.068
14186.7
2252.21
-296.068
14178.4
0
2084.33
-296.068
14176.9
2252.21
-296.068
14178.4
2092.83
-589.996
13732.6
0
2092.83
-589.996
13732.6
2252.21
-296.068
14178.4
2269.25
-591.055
13726.9
0
2092.83
-589.996
13732.6
2269.25
-591.055
13726.9
2335.77
-592.136
13314
0
2269.25
-591.055
13726.9
2335.83
-591.055
13719.5
2335.77
-592.136
13314
0
2335.83
-591.055
13719.5
2518.87
-580.906
13695.9
2335.77
-592.136
13314
0
2511.19
-592.136
14123.1
2518.87
-580.906
13695.9
2335.83
-591.055
13719.5
0
2320.44
-591.055
14125.7
2511.19
-592.136
14123.1
2335.83
-591.055
13719.5
0
2518.87
-580.906
13695.9
2335.77
-592.136
13314
2470.34
-602.258
13354.1
0
2024.43
-562.415
13255.4
2092.83
-589.996
13732.6
2335.77
-592.136
13314
0
2092.83
-589.996
13732.6
2024.43
-562.415
13255.4
1676.76
-587.916
13749
0
1676.76
-587.916
13749
2024.43
-562.415
13255.4
1818.91
-581.031
13218.4
0
1565.57
-586.289
13599.1
1676.76
-587.916
13749
1818.91
-581.031
13218.4
0
1558.81
-582.245
13466.3
1565.57
-586.289
13599.1
1818.91
-581.031
13218.4
0
1553.71
-582.245
13297
1558.81
-582.245
13466.3
1818.91
-581.031
13218.4
0
1577.72
-574.935
13145.5
1553.71
-582.245
13297
1818.91
-581.031
13218.4
0
1227.07
-798.765
13307
1558.81
-582.245
13466.3
1553.71
-582.245
13297
0
1227.07
-798.765
13307
1225.48
-799.254
13462.2
1558.81
-582.245
13466.3
0
