429
9717.28
140.495
2285.78
9867.28
144.327
2285.77
9721.7
31.3239
2120.2
0
9867.28
144.327
2285.77
9872.54
31.3239
2124.57
9721.7
31.3239
2120.2
0
9721.7
31.3239
2120.2
9872.54
31.3239
2124.57
9595.5
5.0957
1553.14
0
9581.08
2.36133
2016.39
9721.7
31.3239
2120.2
9595.5
5.0957
1553.14
0
9872.54
31.3239
2124.57
9991.78
4.47888
2056.2
9595.5
5.0957
1553.14
0
9991.78
4.47888
2056.2
10042.1
3.07861
1551.35
9595.5
5.0957
1553.14
0
9991.78
4.47888
2056.2
10169.4
4.479
1942.71
10042.1
3.07861
1551.35
0
10169.4
4.479
1942.71
10337.7
-0.00012207
1910.28
10042.1
3.07861
1551.35
0
10337.7
-0.00012207
1910.28
10425.9
-6.10352e-005
1565.45
10042.1
3.07861
1551.35
0
10337.7
-0.00012207
1910.28
10434.5
0
2024.9
10425.9
-6.10352e-005
1565.45
0
10340.3
0
2013.39
10434.5
0
2024.9
10337.7
-0.00012207
1910.28
0
9595.5
5.0957
1553.14
10042.1
3.07861
1551.35
10048.1
-60.2809
1155.9
0
9595.5
5.0957
1553.14
10048.1
-60.2809
1155.9
9590.06
-60.2809
1151.92
0
9406.88
4.34143
1928.73
9581.08
2.36133
2016.39
9595.5
5.0957
1553.14
0
9406.88
4.34143
1928.73
9595.5
5.0957
1553.14
9182.96
-6.10352e-005
1559.75
0
9278.65
4.34146
1928.42
9406.88
4.34143
1928.73
9182.96
-6.10352e-005
1559.75
0
9182.96
-6.10352e-005
1559.75
9177.21
-0.00012207
1961.16
9278.65
4.34146
1928.42
0
9177.21
-0.00012207
1961.16
9276.81
0
2019.72
9278.65
4.34146
1928.42
0
8272.51
3.05176e-005
1692.32
9177.21
-0.00012207
1961.16
9182.96
-6.10352e-005
1559.75
0
8276.52
0
1870.61
9177.21
-0.00012207
1961.16
8272.51
3.05176e-005
1692.32
0
8274.79
0
1960.31
9177.21
-0.00012207
1961.16
8276.52
0
1870.61
0
8272.51
3.05176e-005
1692.32
9182.96
-6.10352e-005
1559.75
8281.34
-6.10352e-005
1558.65
0
8179.61
0
1883.65
8276.52
0
1870.61
8272.51
3.05176e-005
1692.32
0
8179.61
0
1883.65
8272.51
3.05176e-005
1692.32
8178.97
-0.000244141
1678.24
0
7488.43
-0.00012207
1863.76
8178.97
-0.000244141
1678.24
8179.61
0
1883.65
0
7488.43
-0.00012207
1863.76
8178.97
-0.000244141
1678.24
7489.93
-0.000244141
1694.91
0
7495.94
-0.000244141
1929.2
8179.61
0
1883.65
7488.43
-0.00012207
1863.76
0
7495.94
-0.000244141
1929.2
8180.43
0
1934.47
8179.61
0
1883.65
0
7489.93
-0.000244141
1694.91
8178.97
-0.000244141
1678.24
7489.01
-0.000244141
1583.35
0
8178.97
-0.000244141
1678.24
8181.73
-0.000244141
1574.57
7489.01
-0.000244141
1583.35
0
7406.49
-0.00012207
1880.51
7488.43
-0.00012207
1863.76
7489.93
-0.000244141
1694.91
0
7402.41
0
1682.98
7406.49
-0.00012207
1880.51
7489.93
-0.000244141
1694.91
0
7402.41
0
1682.98
7406.49
-0.00012207
1880.51
6727.06
2.24658
1885.75
0
6708.37
10.2811
1678.62
6727.06
2.24658
1885.75
7402.41
0
1682.98
0
7402.41
0
1682.98
6708.37
10.2811
1678.62
6786.07
-0.00012207
1577.92
0
7402.41
0
1682.98
7396.75
-0.00012207
1575.2
6786.07
-0.00012207
1577.92
0
6727.06
2.24658
1885.75
6708.37
10.2811
1678.62
6635.76
-0.00012207
1677.87
0
6639.55
-0.00012207
1870.1
6635.76
-0.00012207
1677.87
6727.06
2.24658
1885.75
0
6208.78
-0.00012207
1865.88
6639.55
-0.00012207
1870.1
6635.76
-0.00012207
1677.87
0
6635.76
-0.00012207
1677.87
6210.14
-0.00012207
1717.71
6208.78
-0.00012207
1865.88
0
6215.25
-0.00012207
1953.12
6639.55
-0.00012207
1870.1
6208.78
-0.00012207
1865.88
0
6215.25
-0.00012207
1953.12
6632.34
-0.000244141
1951.59
6639.55
-0.00012207
1870.1
0
6210.14
-0.00012207
1717.71
6635.76
-0.00012207
1677.87
6212.86
-0.000244141
1584.88
0
6635.76
-0.00012207
1677.87
6636.33
-0.00012207
1583.44
6212.86
-0.000244141
1584.88
0
6208.78
-0.00012207
1865.88
6210.14
-0.00012207
1717.71
6122.7
-6.10352e-005
1719.97
0
6120.97
-3.05176e-005
1850.52
6122.7
-6.10352e-005
1719.97
6208.78
-0.00012207
1865.88
0
5935.83
0
1924.01
6120.97
-3.05176e-005
1850.52
6122.7
-6.10352e-005
1719.97
0
5935.83
0
1924.01
6116.73
-3.05176e-005
1987.26
6120.97
-3.05176e-005
1850.52
0
6122.7
-6.10352e-005
1719.97
5935.83
0
1924.01
5855.6
3.95874
1560.48
0
6115.12
0
1584.64
6122.7
-6.10352e-005
1719.97
5855.6
3.95874
1560.48
0
5823.6
0.998047
1935.73
5935.83
0
1924.01
5855.6
3.95874
1560.48
0
5770.73
0.997986
1830.6
5823.6
0.998047
1935.73
5855.6
3.95874
1560.48
0
5770.73
0.997986
1830.6
5855.6
3.95874
1560.48
5655.7
5.40759
1565.53
0
5696.4
0.997986
1827.76
5770.73
0.997986
1830.6
5655.7
5.40759
1565.53
0
5599.39
0
1884.94
5696.4
0.997986
1827.76
5655.7
5.40759
1565.53
0
5599.39
0
1884.94
5381.02
-0.00012207
1705.1
5655.7
5.40759
1565.53
0
5599.39
0
1884.94
5670.83
0.997986
1890.6
5696.4
0.997986
1827.76
0
5557.78
0.550964
1948.09
5599.39
0
1884.94
5381.02
-0.00012207
1705.1
0
5389.79
0.551147
1893.2
5557.78
0.550964
1948.09
5381.02
-0.00012207
1705.1
0
5381.02
-0.00012207
1705.1
5655.7
5.40759
1565.53
5382.04
-6.10352e-005
1565.18
0
4440.53
-0.00012207
1868.24
5389.79
0.551147
1893.2
5381.02
-0.00012207
1705.1
0
4221.11
3.91931
1694.16
4440.53
-0.00012207
1868.24
5381.02
-0.00012207
1705.1
0
4253.85
-0.000488281
2966.92
4440.53
-0.00012207
1868.24
4221.11
3.91931
1694.16
0
4253.85
-0.000488281
2966.92
4432.42
-0.000244141
2848.99
4440.53
-0.00012207
1868.24
0
4253.85
-0.000488281
2966.92
4408.41
2.37891
2995.61
4432.42
-0.000244141
2848.99
0
4408.41
2.37891
2995.61
4553.97
-6.10352e-005
2860.45
4432.42
-0.000244141
2848.99
0
4408.41
2.37891
2995.61
4552.52
6.10352e-005
2962.55
4553.97
-6.10352e-005
2860.45
0
4272.93
0
3060
4408.41
2.37891
2995.61
4253.85
-0.000488281
2966.92
0
4272.93
0
3060
4405.23
-3.05176e-005
3060.99
4408.41
2.37891
2995.61
0
4272.93
0
3060
4437.63
-0.000244141
3670.09
4405.23
-3.05176e-005
3060.99
0
4272.93
0
3060
4329.41
3.01892
3817.64
4437.63
-0.000244141
3670.09
0
4329.41
3.01892
3817.64
4431.12
-0.00012207
3821.31
4437.63
-0.000244141
3670.09
0
4405.23
-3.05176e-005
3060.99
4437.63
-0.000244141
3670.09
4507.37
-0.00012207
3672.01
0
4405.23
-3.05176e-005
3060.99
4507.37
-0.00012207
3672.01
4510.27
-0.00012207
3064.33
0
4094.33
-6.10352e-005
3063.22
4329.41
3.01892
3817.64
4272.93
0
3060
0
4094.33
-6.10352e-005
3063.22
4103.03
-0.00012207
3806.81
4329.41
3.01892
3817.64
0
4103.03
-0.00012207
3806.81
4333.7
-6.10352e-005
4073.19
4329.41
3.01892
3817.64
0
4329.41
3.01892
3817.64
4333.7
-6.10352e-005
4073.19
4490.38
-47.3134
3851.92
0
4333.7
-6.10352e-005
4073.19
4490.93
-47.3134
4053.56
4490.38
-47.3134
3851.92
0
4103.03
-0.00012207
3806.81
4138.9
1.29608
4147.98
4333.7
-6.10352e-005
4073.19
0
4333.7
-6.10352e-005
4073.19
4138.9
1.29608
4147.98
4430.8
-6.10352e-005
4228.46
0
4138.9
1.29608
4147.98
4130.92
2.99719
4262.15
4430.8
-6.10352e-005
4228.46
0
4333.7
-6.10352e-005
4073.19
4430.8
-6.10352e-005
4228.46
4413.68
-0.00012207
4082.7
0
4130.92
2.99719
4262.15
4434.74
-6.10352e-005
4435.18
4430.8
-6.10352e-005
4228.46
0
4130.92
2.99719
4262.15
4127.45
-0.00012207
4584.4
4434.74
-6.10352e-005
4435.18
0
4127.45
-0.00012207
4584.4
4340.06
2.13849
4583.28
4434.74
-6.10352e-005
4435.18
0
4434.74
-6.10352e-005
4435.18
4340.06
2.13849
4583.28
4428.56
6.10352e-005
4584.8
0
4430.8
-6.10352e-005
4228.46
4434.74
-6.10352e-005
4435.18
4498.34
-0.000183105
4229.75
0
4434.74
-6.10352e-005
4435.18
4496.29
-0.00012207
4439.37
4498.34
-0.000183105
4229.75
0
4127.45
-0.00012207
4584.4
4340.06
2.13849
4583.28
4351.14
1.82013
4839.47
0
4127.45
-0.00012207
4584.4
4124.8
2.31409
4838.18
4351.14
1.82013
4839.47
0
4340.06
2.13849
4583.28
4351.14
1.82013
4839.47
4490.64
-49.6274
4612.81
0
4351.14
1.82013
4839.47
4490.64
-49.6274
4612.81
4490.65
-46.0642
4819.65
0
4124.8
2.31409
4838.18
4140.34
9.46936
5168.54
4351.14
1.82013
4839.47
0
4351.14
1.82013
4839.47
4427.58
0
4995.96
4140.34
9.46936
5168.54
0
4351.14
1.82013
4839.47
4426.88
9.08606
4841.43
4427.58
0
4995.96
0
4140.34
9.46936
5168.54
4432.81
-0.00012207
5206.01
4427.58
0
4995.96
0
4432.81
-0.00012207
5206.01
4497.25
-6.10352e-005
5202.67
4427.58
0
4995.96
0
4427.58
0
4995.96
4497.25
-6.10352e-005
5202.67
4494.14
0
4999.92
0
4140.34
9.46936
5168.54
4349.16
1.93164
5352.09
4432.81
-0.00012207
5206.01
0
4349.16
1.93164
5352.09
4424.6
-0.00012207
5351.97
4432.81
-0.00012207
5206.01
0
4140.34
9.46936
5168.54
4140.12
9.4693
5283.68
4349.16
1.93164
5352.09
0
4102.03
-6.10352e-005
5605.86
4140.12
9.4693
5283.68
4349.16
1.93164
5352.09
0
4102.03
-6.10352e-005
5605.86
4344.09
1.84558
5604.89
4349.16
1.93164
5352.09
0
4349.16
1.93164
5352.09
4344.09
1.84558
5604.89
4490.71
-46.7654
5382.69
0
4490.7
-46.7654
5584.54
4490.71
-46.7654
5382.69
4344.09
1.84558
5604.89
0
4490.38
-47.3134
3851.92
4490.93
-47.3134
4053.56
4956.55
-10.4719
3726.4
0
4497.88
-49.6277
3715.05
4490.38
-47.3134
3851.92
4956.55
-10.4719
3726.4
0
4961.1
-49.6276
4203.04
4490.93
-47.3134
4053.56
4956.55
-10.4719
3726.4
0
4490.93
-47.3134
4053.56
4551.2
-49.6274
4194.81
4961.1
-49.6276
4203.04
0
4490.93
-47.3134
4053.56
4486.16
-49.6274
4189.3
4551.2
-49.6274
4194.81
0
4551.2
-49.6274
4194.81
4554.95
-49.6277
4477.81
4961.1
-49.6276
4203.04
0
4554.95
-49.6277
4477.81
4962.13
-49.6276
4490.99
4961.1
-49.6276
4203.04
0
4554.95
-49.6277
4477.81
4490.64
-49.6274
4612.81
4962.13
-49.6276
4490.99
0
4486.95
-49.6276
4480.87
4490.64
-49.6274
4612.81
4554.95
-49.6277
4477.81
0
4962.13
-49.6276
4490.99
4490.64
-49.6274
4612.81
4490.65
-46.0642
4819.65
0
4967.25
-49.6276
4965.67
4490.65
-46.0642
4819.65
4962.13
-49.6276
4490.99
0
4490.65
-46.0642
4819.65
4556.65
-49.6276
4959.72
4967.25
-49.6276
4965.67
0
4490.65
-46.0642
4819.65
4491.6
-49.6276
4953.2
4556.65
-49.6276
4959.72
0
4556.65
-49.6276
4959.72
4563.4
-49.6278
5239.8
4967.25
-49.6276
4965.67
0
4563.4
-49.6278
5239.8
4966.75
-49.6276
5259.8
4967.25
-49.6276
4965.67
0
4563.4
-49.6278
5239.8
4959.36
-44.6151
5719.67
4966.75
-49.6276
5259.8
0
4563.4
-49.6278
5239.8
4490.71
-46.7654
5382.69
4959.36
-44.6151
5719.67
0
4563.4
-49.6278
5239.8
4485.7
-49.6276
5245.8
4490.71
-46.7654
5382.69
0
4490.71
-46.7654
5382.69
4490.7
-46.7654
5584.54
4959.36
-44.6151
5719.67
0
4490.7
-46.7654
5584.54
4497.1
-49.6277
5722.58
4959.36
-44.6151
5719.67
0
3959.86
11.4917
4145.08
4130.92
2.99719
4262.15
4138.9
1.29608
4147.98
0
3959.86
11.4917
4145.08
3961
7.85107
4256.62
4130.92
2.99719
4262.15
0
3959.86
11.4917
4145.08
3961
7.85107
4256.62
3531.41
-6.10352e-005
4312.22
0
3531.41
-6.10352e-005
4312.22
3959.03
5.87439
4316.08
3961
7.85107
4256.62
0
3267.68
-0.00012207
4030.63
3531.41
-6.10352e-005
4312.22
3959.86
11.4917
4145.08
0
3267.68
-0.00012207
4030.63
3959.86
11.4917
4145.08
3963.44
-0.00012207
4029.43
0
3267.68
-0.00012207
4030.63
3316.53
0.525024
5293.01
3531.41
-6.10352e-005
4312.22
0
3531.41
-6.10352e-005
4312.22
3316.53
0.525024
5293.01
3543.47
4.3302
5119.61
0
3316.53
0.525024
5293.01
3440.99
4.33032
5350.69
3543.47
4.3302
5119.61
0
3543.47
4.3302
5119.61
3440.99
4.33032
5350.69
3925.75
4.75446
5122.66
0
3925.75
4.75446
5122.66
3965.35
4.75452
5164.11
3440.99
4.33032
5350.69
0
3440.99
4.33032
5350.69
3913.5
4.75452
5293.01
3965.35
4.75452
5164.11
0
3965.35
4.75452
5164.11
3913.5
4.75452
5293.01
4140.34
9.46936
5168.54
0
3913.5
4.75452
5293.01
4140.12
9.4693
5283.68
4140.34
9.46936
5168.54
0
4440.22
-0.000244141
5756.54
4102.03
-6.10352e-005
5605.86
4344.09
1.84558
5604.89
0
4344.09
1.84558
5604.89
4440.22
-0.000244141
5756.54
4433.38
-2.01428
5610
0
4102.03
-6.10352e-005
5605.86
4103.02
-6.10352e-005
6116.18
4440.22
-0.000244141
5756.54
0
4440.22
-0.000244141
5756.54
4103.02
-6.10352e-005
6116.18
4512.23
0
6115.61
0
4440.22
-0.000244141
5756.54
4512.23
0
6115.61
4515.36
0
5759.44
0
4103.02
-6.10352e-005
6116.18
4448.01
-0.00012207
6733.5
4512.23
0
6115.61
0
4103.02
-6.10352e-005
6116.18
4245.54
-0.00012207
6732.79
4448.01
-0.00012207
6733.5
0
4103.02
-6.10352e-005
6116.18
4118.95
-0.00012207
6731.49
4245.54
-0.00012207
6732.79
0
4448.01
-0.00012207
6733.5
4572.06
0.00012207
6736.63
4512.23
0
6115.61
0
4512.23
0
6115.61
4572.06
0.00012207
6736.63
4569.15
0
6122.51
0
4245.54
-0.00012207
6732.79
4434.06
1.5083
7677.16
4448.01
-0.00012207
6733.5
0
4245.54
-0.00012207
6732.79
4226.78
-0.00012207
7675.48
4434.06
1.5083
7677.16
0
4235.77
2.36145
7901.62
4434.06
1.5083
7677.16
4226.78
-0.00012207
7675.48
0
3825.63
-0.000244141
7909.64
4235.77
2.36145
7901.62
4226.78
-0.00012207
7675.48
0
3825.63
-0.000244141
7909.64
4226.78
-0.00012207
7675.48
3825.83
-0.000244141
7680.5
0
3710.39
-6.10352e-005
7894.39
3825.63
-0.000244141
7909.64
3825.83
-0.000244141
7680.5
0
3710.39
-6.10352e-005
7894.39
3825.83
-0.000244141
7680.5
3720.31
-3.05176e-005
7678.69
0
3510.69
-6.10352e-005
7889.45
3710.39
-6.10352e-005
7894.39
3720.31
-3.05176e-005
7678.69
0
3510.69
-6.10352e-005
7889.45
3720.31
-3.05176e-005
7678.69
3501.48
-3.05176e-005
7691.29
0
3368.48
-3.05176e-005
7907.73
3510.69
-6.10352e-005
7889.45
3501.48
-3.05176e-005
7691.29
0
3376.44
0
7703.56
3368.48
-3.05176e-005
7907.73
3501.48
-3.05176e-005
7691.29
0
3138.18
2.36121
7844.11
3368.48
-3.05176e-005
7907.73
3376.44
0
7703.56
0
3138.18
2.36121
7844.11
3376.44
0
7703.56
3170.54
0
7706.56
0
3138.18
2.36121
7844.11
3126.65
-6.10352e-005
7968.57
3368.48
-3.05176e-005
7907.73
0
3065.04
-6.10352e-005
7846.85
3126.65
-6.10352e-005
7968.57
3138.18
2.36121
7844.11
0
3065.04
-6.10352e-005
7846.85
3063.98
-6.10352e-005
7968.66
3126.65
-6.10352e-005
7968.57
0
2539.63
-6.10352e-005
7805.34
3063.98
-6.10352e-005
7968.66
3065.04
-6.10352e-005
7846.85
0
2536.24
-6.10352e-005
7671.91
2539.63
-6.10352e-005
7805.34
3065.04
-6.10352e-005
7846.85
0
2536.24
-6.10352e-005
7671.91
3065.04
-6.10352e-005
7846.85
3050.19
-6.10352e-005
7663.78
0
2369.94
-0.00012207
7986.12
2539.63
-6.10352e-005
7805.34
3063.98
-6.10352e-005
7968.66
0
2369.94
-0.00012207
7986.12
2380.67
-0.00012207
8141.51
3063.98
-6.10352e-005
7968.66
0
2380.67
-0.00012207
8141.51
3053.77
0
8147.74
3063.98
-6.10352e-005
7968.66
0
2365.92
-0.000183105
7824.51
2369.94
-0.00012207
7986.12
2539.63
-6.10352e-005
7805.34
0
2263.94
-6.10352e-005
7815.95
2369.94
-0.00012207
7986.12
2365.92
-0.000183105
7824.51
0
2259.37
-6.10352e-005
7985.46
2263.94
-6.10352e-005
7815.95
2369.94
-0.00012207
7986.12
0
1896.73
-0.00012207
7460.25
2259.37
-6.10352e-005
7985.46
2263.94
-6.10352e-005
7815.95
0
1896.73
-0.00012207
7460.25
1905.82
0
8325.23
2259.37
-6.10352e-005
7985.46
0
1905.82
0
8325.23
2261.62
-0.00012207
8323.66
2259.37
-6.10352e-005
7985.46
0
1896.73
-0.00012207
7460.25
2263.94
-6.10352e-005
7815.95
2272.95
-0.000244141
7471.18
0
1758.37
5.44092
7475.47
1905.82
0
8325.23
1896.73
-0.00012207
7460.25
0
1758.37
5.44092
7475.47
1771.39
0
8317.42
1905.82
0
8325.23
0
1526.08
-0.000244141
7609.02
1771.39
0
8317.42
1758.37
5.44092
7475.47
0
1526.08
-0.000244141
7609.02
1526.65
-0.00012207
8193.14
1771.39
0
8317.42
0
1526.65
-0.00012207
8193.14
1543.84
0
8319.65
1771.39
0
8317.42
0
1538.25
-0.00012207
7476.37
1526.08
-0.000244141
7609.02
1758.37
5.44092
7475.47
0
1396.44
-0.00012207
7608.88
1526.65
-0.00012207
8193.14
1526.08
-0.000244141
7609.02
0
1396.44
-0.00012207
7608.88
1403.49
-0.000183105
8199.92
1526.65
-0.00012207
8193.14
0
1396.44
-0.00012207
7608.88
1152.78
0
8326.9
1403.49
-0.000183105
8199.92
0
1396.44
-0.00012207
7608.88
1144.31
0
7466.87
1152.78
0
8326.9
0
1395.22
-0.00012207
7456.68
1144.31
0
7466.87
1396.44
-0.00012207
7608.88
0
1403.49
-0.000183105
8199.92
1152.78
0
8326.9
1385.15
0
8330.61
0
1144.31
0
7466.87
1051.51
-82.3026
8017.94
1152.78
0
8326.9
0
1051.51
-82.3026
8017.94
999.702
-0.00012207
8326.07
1152.78
0
8326.9
0
1051.51
-82.3026
8017.94
940.476
-2.45117
8123.67
999.702
-0.00012207
8326.07
0
1144.31
0
7466.87
999.15
-0.00012207
7485.07
1051.51
-82.3026
8017.94
0
999.15
-0.00012207
7485.07
982.588
-70.7029
7914.04
1051.51
-82.3026
8017.94
0
999.15
-0.00012207
7485.07
909.88
-0.00012207
7655.79
982.588
-70.7029
7914.04
0
999.15
-0.00012207
7485.07
906.818
0
7485.3
909.88
-0.00012207
7655.79
0
982.588
-70.7029
7914.04
909.88
-0.00012207
7655.79
903.907
-17.7396
7703.24
0
903.907
-17.7396
7703.24
864.231
-83.6328
8002.25
982.588
-70.7029
7914.04
0
903.907
-17.7396
7703.24
763.665
-6.15881
7693.9
864.231
-83.6328
8002.25
0
763.665
-6.15881
7693.9
765.856
-41.3512
8072.01
864.231
-83.6328
8002.25
0
763.665
-6.15881
7693.9
640.562
-83.6328
7895.87
765.856
-41.3512
8072.01
0
763.665
-6.15881
7693.9
650.477
-29.4142
7757.27
640.562
-83.6328
7895.87
0
640.562
-83.6328
7895.87
647.486
-29.7704
8039.06
765.856
-41.3512
8072.01
0
765.856
-41.3512
8072.01
864.231
-83.6328
8002.25
940.476
-2.45117
8123.67
0
940.476
-2.45117
8123.67
903.28
5.66943
8161.98
999.702
-0.00012207
8326.07
0
903.28
5.66943
8161.98
903.342
-0.00012207
8321.9
999.702
-0.00012207
8326.07
0
906.818
0
7485.3
909.88
-0.00012207
7655.79
748.027
86.4319
7638.61
0
754.035
86.4318
7493.2
748.027
86.4319
7638.61
906.818
0
7485.3
0
903.28
5.66943
8161.98
903.342
-0.00012207
8321.9
755.684
86.4319
8157.97
0
755.684
86.4319
8157.97
758.946
86.4316
8331.55
903.342
-0.00012207
8321.9
0
755.684
86.4319
8157.97
606.053
86.4319
8092.97
758.946
86.4316
8331.55
0
606.053
86.4319
8092.97
478.985
86.4316
8267.56
758.946
86.4316
8331.55
0
528.787
86.4318
7901.31
478.985
86.4316
8267.56
606.053
86.4319
8092.97
0
528.787
86.4318
7901.31
286.672
89.6017
7927.67
478.985
86.4316
8267.56
0
559.281
86.4319
7752.5
286.672
89.6017
7927.67
528.787
86.4318
7901.31
0
559.281
86.4319
7752.5
454.59
86.4318
7584.45
286.672
89.6017
7927.67
0
748.027
86.4319
7638.61
454.59
86.4318
7584.45
559.281
86.4319
7752.5
0
754.035
86.4318
7493.2
454.59
86.4318
7584.45
748.027
86.4319
7638.61
0
998.212
-6.10352e-005
7353.59
1144.31
0
7466.87
999.15
-0.00012207
7485.07
0
1144.31
0
7466.87
998.212
-6.10352e-005
7353.59
1146.06
-6.10352e-005
7365.36
0
850.252
0
6768.61
998.212
-6.10352e-005
7353.59
1146.06
-6.10352e-005
7365.36
0
850.252
0
6768.61
853.953
0
7374.14
998.212
-6.10352e-005
7353.59
0
850.252
0
6768.61
1146.06
-6.10352e-005
7365.36
1374.66
-168.705
6693.75
0
1146.06
-6.10352e-005
7365.36
1318.22
-0.000183105
7376.9
1374.66
-168.705
6693.75
0
999.702
-0.00012207
8326.07
1152.78
0
8326.9
1167.75
-6.10352e-005
8441.38
0
999.702
-0.00012207
8326.07
991.747
-6.10352e-005
8443.05
1167.75
-6.10352e-005
8441.38
0
991.747
-6.10352e-005
8443.05
1167.75
-6.10352e-005
8441.38
1330.38
-6.10352e-005
9038.83
0
991.747
-6.10352e-005
8443.05
849.832
-6.10352e-005
9038.91
1330.38
-6.10352e-005
9038.83
0
847.039
-6.10352e-005
8441.93
849.832
-6.10352e-005
9038.91
991.747
-6.10352e-005
8443.05
0
1167.75
-6.10352e-005
8441.38
1330.38
-6.10352e-005
9038.83
1331.2
-0.00012207
8446.55
0
1733.83
-0.00012207
7354.94
1896.73
-0.00012207
7460.25
1758.37
5.44092
7475.47
0
1733.83
-0.00012207
7354.94
1896.73
-0.00012207
7460.25
1964.59
-6.10352e-005
7356.93
0
1609.1
-6.10352e-005
6773.5
1733.83
-0.00012207
7354.94
1964.59
-6.10352e-005
7356.93
0
1609.1
-6.10352e-005
6773.5
1608.33
0
7359.01
1733.83
-0.00012207
7354.94
0
1609.1
-6.10352e-005
6773.5
1964.59
-6.10352e-005
7356.93
2094.7
0
6759.48
0
1964.59
-6.10352e-005
7356.93
2089.71
-6.10352e-005
7369.24
2094.7
0
6759.48
0
1771.39
0
8317.42
1905.82
0
8325.23
1918.49
-0.00012207
8443.43
0
1771.39
0
8317.42
1741.04
-0.00012207
8441.97
1918.49
-0.00012207
8443.43
0
1741.04
-0.00012207
8441.97
2091.97
0
9040.08
1918.49
-0.00012207
8443.43
0
1741.04
-0.00012207
8441.97
1605.1
-0.00012207
9037.96
2091.97
0
9040.08
0
1605.81
-0.00012207
8440.87
1605.1
-0.00012207
9037.96
1741.04
-0.00012207
8441.97
0
1918.49
-0.00012207
8443.43
2091.97
0
9040.08
2092.92
-6.10352e-005
8451.7
0
3126.65
-6.10352e-005
7968.57
3368.48
-3.05176e-005
7907.73
3372.37
-3.05176e-005
8028.13
0
3126.65
-6.10352e-005
7968.57
3372.37
-3.05176e-005
8028.13
3154.17
1.50824
8237.05
0
3372.37
-3.05176e-005
8028.13
3154.17
1.50824
8237.05
3376.51
-6.10352e-005
8192.8
0
3372.37
-3.05176e-005
8028.13
3376.51
-6.10352e-005
8192.8
3512.89
-6.10352e-005
8046.85
0
3376.51
-6.10352e-005
8192.8
3510.77
-0.00012207
8203.86
3512.89
-6.10352e-005
8046.85
0
3512.89
-6.10352e-005
8046.85
3510.77
-0.00012207
8203.86
3695.03
0
8074.28
0
3510.77
-0.00012207
8203.86
3701.41
0
8204.86
3695.03
0
8074.28
0
3695.03
0
8074.28
3701.41
0
8204.86
3802.19
-6.10352e-005
8206.73
0
3695.03
0
8074.28
3802.19
-6.10352e-005
8206.73
3827.11
0
8054.73
0
3510.69
-6.10352e-005
7889.45
3710.39
-6.10352e-005
7894.39
3512.89
-6.10352e-005
8046.85
0
3512.89
-6.10352e-005
8046.85
3695.03
0
8074.28
3710.39
-6.10352e-005
7894.39
0
3154.17
1.50824
8237.05
3376.47
-6.10352e-005
8363.31
3376.51
-6.10352e-005
8192.8
0
3154.17
1.50824
8237.05
3226.53
0
8389.6
3376.47
-6.10352e-005
8363.31
0
3226.53
0
8389.6
3216.01
-6.10352e-005
8522.39
3376.47
-6.10352e-005
8363.31
0
3510.77
-0.00012207
8203.86
3523.97
0
8364.06
3701.41
0
8204.86
0
3523.97
0
8364.06
3697.53
-6.10352e-005
8356.3
3701.41
0
8204.86
0
3376.47
-6.10352e-005
8363.31
3216.01
-6.10352e-005
8522.39
3455.05
4.90186
8536.25
0
3376.47
-6.10352e-005
8363.31
3455.05
4.90186
8536.25
3523.97
0
8364.06
0
3523.97
0
8364.06
3455.05
4.90186
8536.25
3697.53
-6.10352e-005
8356.3
0
3836.36
4.09436
8544.92
3455.05
4.90186
8536.25
3697.53
-6.10352e-005
8356.3
0
3697.53
-6.10352e-005
8356.3
3836.36
4.09436
8544.92
3809.22
-0.00012207
8352.75
0
3825.63
-0.000244141
7909.64
3827.11
0
8054.73
4235.77
2.36145
7901.62
0
4235.77
2.36145
7901.62
4441.69
0
7906.86
4434.06
1.5083
7677.16
0
4434.06
1.5083
7677.16
4441.69
0
7906.86
4631.59
-0.00012207
7682.1
0
4441.69
0
7906.86
4636.23
-0.000244141
7908.09
4631.59
-0.00012207
7682.1
0
3827.11
0
8054.73
4249.48
0
8054.08
4235.77
2.36145
7901.62
0
3827.11
0
8054.73
3802.19
-6.10352e-005
8206.73
4249.48
0
8054.08
0
3802.19
-6.10352e-005
8206.73
4241.1
-0.000244141
8210.58
4249.48
0
8054.08
0
3802.19
-6.10352e-005
8206.73
3809.22
-0.00012207
8352.75
4241.1
-0.000244141
8210.58
0
3809.22
-0.00012207
8352.75
4242.3
-0.00012207
8342.36
4241.1
-0.000244141
8210.58
0
3809.22
-0.00012207
8352.75
3836.36
4.09436
8544.92
4242.3
-0.00012207
8342.36
0
3836.36
4.09436
8544.92
4246.95
0
8538.91
4242.3
-0.00012207
8342.36
0
4235.77
2.36145
7901.62
4249.48
0
8054.08
4441.69
0
7906.86
0
4249.48
0
8054.08
4451.39
0
8054.45
4441.69
0
7906.86
0
4441.69
0
7906.86
4451.39
0
8054.45
4636.23
-0.000244141
7908.09
0
4451.39
0
8054.45
4643.53
-0.00012207
8051.93
4636.23
-0.000244141
7908.09
0
4249.48
0
8054.08
4241.1
-0.000244141
8210.58
4451.39
0
8054.45
0
4241.1
-0.000244141
8210.58
4466.55
0
8216.54
4451.39
0
8054.45
0
4241.1
-0.000244141
8210.58
4242.3
-0.00012207
8342.36
4466.55
0
8216.54
0
4242.3
-0.00012207
8342.36
4466.26
-0.00012207
8351.73
4466.55
0
8216.54
0
4242.3
-0.00012207
8342.36
4246.95
0
8538.91
4466.26
-0.00012207
8351.73
0
4246.95
0
8538.91
4474.43
-0.000244141
8537.54
4466.26
-0.00012207
8351.73
0
4451.39
0
8054.45
4466.55
0
8216.54
4643.53
-0.00012207
8051.93
0
4643.53
-0.00012207
8051.93
4466.55
0
8216.54
4836.37
0
8215.47
0
4466.55
0
8216.54
4466.26
-0.00012207
8351.73
4836.37
0
8215.47
0
4837.01
0
8356.69
4836.37
0
8215.47
4466.26
-0.00012207
8351.73
0
4474.43
-0.000244141
8537.54
4837.01
0
8356.69
4466.26
-0.00012207
8351.73
0
4631.59
-0.00012207
7682.1
4636.23
-0.000244141
7908.09
4846.6
-3.05176e-005
7898
0
4844.7
2.54004
8542.71
4837.01
0
8356.69
4474.43
-0.000244141
8537.54
0
4636.23
-0.000244141
7908.09
4643.53
-0.00012207
8051.93
4846.6
-3.05176e-005
7898
0
4865.54
-6.10352e-005
8041.53
4643.53
-0.00012207
8051.93
4846.6
-3.05176e-005
7898
0
4631.59
-0.00012207
7682.1
4846.6
-3.05176e-005
7898
4829.84
-0.00012207
7683.33
0
4829.84
-0.00012207
7683.33
4846.6
-3.05176e-005
7898
5001.26
0
7891.52
0
4829.84
-0.00012207
7683.33
5172.01
0
7683.19
5001.26
0
7891.52
0
5172.01
0
7683.19
5173.88
-0.00012207
7889.76
5001.26
0
7891.52
0
5172.01
0
7683.19
5173.88
-0.00012207
7889.76
5299.15
-0.00012207
7890.23
0
5001.26
0
7891.52
5175.02
-6.10352e-005
8045.15
5173.88
-0.00012207
7889.76
0
5001.26
0
7891.52
4990.03
-0.00012207
8046.2
5175.02
-6.10352e-005
8045.15
0
4865.54
-6.10352e-005
8041.53
4643.53
-0.00012207
8051.93
4836.37
0
8215.47
0
4979.31
-0.00012207
8165.46
4836.37
0
8215.47
4865.54
-6.10352e-005
8041.53
0
4865.54
-6.10352e-005
8041.53
4990.03
-0.00012207
8046.2
4979.31
-0.00012207
8165.46
0
4837.01
0
8356.69
4984.33
0
8356.1
4844.7
2.54004
8542.71
0
5265.39
-0.00012207
8545.51
4844.7
2.54004
8542.71
4984.33
0
8356.1
0
4984.33
0
8356.1
5163.81
0
8349.42
5265.39
-0.00012207
8545.51
0
5446.58
1.50818
8462.93
5265.39
-0.00012207
8545.51
5163.81
0
8349.42
0
5163.81
0
8349.42
5446.58
1.50818
8462.93
5299.83
-6.10352e-005
8354.19
0
5299.83
-6.10352e-005
8354.19
5446.58
1.50818
8462.93
5531.99
0
8332.9
0
4979.31
-0.00012207
8165.46
5163.81
0
8349.42
4984.33
0
8356.1
0
4979.31
-0.00012207
8165.46
5163.81
0
8349.42
5179.69
0
8193.13
0
4990.03
-0.00012207
8046.2
4979.31
-0.00012207
8165.46
5175.02
-6.10352e-005
8045.15
0
4979.31
-0.00012207
8165.46
5179.69
0
8193.13
5175.02
-6.10352e-005
8045.15
0
5175.02
-6.10352e-005
8045.15
5179.69
0
8193.13
5299.69
-6.10352e-005
8049.3
0
5179.69
0
8193.13
5299.74
-6.10352e-005
8190.21
5299.69
-6.10352e-005
8049.3
0
5299.74
-6.10352e-005
8190.21
5299.83
-6.10352e-005
8354.19
5531.99
0
8332.9
0
5299.74
-6.10352e-005
8190.21
5531.99
0
8332.9
5299.69
-6.10352e-005
8049.3
0
5299.69
-6.10352e-005
8049.3
5537.66
1.50818
8012.49
5531.99
0
8332.9
0
5299.15
-0.00012207
7890.23
5299.69
-6.10352e-005
8049.3
5537.66
1.50818
8012.49
0
5172.01
0
7683.19
5299.15
-0.00012207
7890.23
5545.16
-0.00012207
7676.1
0
5299.15
-0.00012207
7890.23
5537.66
1.50818
8012.49
5545.16
-0.00012207
7676.1
0
5545.16
-0.00012207
7676.1
5537.66
1.50818
8012.49
5639.47
1.50818
8014.53
0
5545.16
-0.00012207
7676.1
5639.47
1.50818
8014.53
5633.87
0
7676.45
0
5633.87
0
7676.45
5639.47
1.50818
8014.53
6122.89
-3.05176e-005
7839
0
6120.38
0
7969.92
5639.47
1.50818
8014.53
6122.89
-3.05176e-005
7839
0
5639.47
1.50818
8014.53
6108.62
-0.00012207
8144.93
6120.38
0
7969.92
0
5639.47
1.50818
8014.53
5635.52
1.5083
8142.42
6108.62
-0.00012207
8144.93
0
5633.87
0
7676.45
6122.89
-3.05176e-005
7839
6113.56
-0.00012207
7677.49
0
6122.89
-3.05176e-005
7839
6120.38
0
7969.92
6216.55
-3.05176e-005
7833.66
0
6221.13
-3.05176e-005
7969.06
6216.55
-3.05176e-005
7833.66
6120.38
0
7969.92
0
6221.13
-3.05176e-005
7969.06
6636.43
-0.00012207
7984.75
6216.55
-3.05176e-005
7833.66
0
6636.43
-0.00012207
7984.75
6640.44
-6.10352e-005
7809.19
6216.55
-3.05176e-005
7833.66
0
6215.19
0
8063.04
6636.43
-0.00012207
7984.75
6221.13
-3.05176e-005
7969.06
0
6215.19
0
8063.04
6632.16
0
8068.75
6636.43
-0.00012207
7984.75
0
6216.55
-3.05176e-005
7833.66
6640.44
-6.10352e-005
7809.19
6632.53
12.7708
7690.36
0
6216.55
-3.05176e-005
7833.66
6632.53
12.7708
7690.36
6212.54
-6.10352e-005
7674.57
0
6640.44
-6.10352e-005
7809.19
6636.43
-0.00012207
7984.75
6729.82
0
7805.97
0
6636.43
-0.00012207
7984.75
6725.15
-0.00012207
7988.31
6729.82
0
7805.97
0
6725.15
-0.00012207
7988.31
6799.97
-0.00012207
7681.9
6729.82
0
7805.97
0
6725.15
-0.00012207
7988.31
7018.98
-6.10352e-005
8030.66
6799.97
-0.00012207
7681.9
0
7018.98
-6.10352e-005
8030.66
7000.18
-0.00012207
7681.74
6799.97
-0.00012207
7681.9
0
7018.98
-6.10352e-005
8030.66
7133.3
6.10352e-005
8016.05
7000.18
-0.00012207
7681.74
0
7019.01
-6.10352e-005
8151.53
7133.3
6.10352e-005
8016.05
7018.98
-6.10352e-005
8030.66
0
7019.01
-6.10352e-005
8151.53
7128.38
0
8154.58
7133.3
6.10352e-005
8016.05
0
7133.3
6.10352e-005
8016.05
7400.81
-6.10352e-005
7685.73
7000.18
-0.00012207
7681.74
0
7133.3
6.10352e-005
8016.05
7397.92
-0.00012207
7806.74
7400.81
-6.10352e-005
7685.73
0
7133.3
6.10352e-005
8016.05
7288.17
-6.10352e-005
8001.94
7397.92
-0.00012207
7806.74
0
7288.17
-6.10352e-005
8001.94
7389.64
6.10352e-005
7995.91
7397.92
-0.00012207
7806.74
0
7285.95
-6.10352e-005
8150.18
7389.64
6.10352e-005
7995.91
7288.17
-6.10352e-005
8001.94
0
7285.95
-6.10352e-005
8150.18
7377.18
0
8144.49
7389.64
6.10352e-005
7995.91
0
7389.64
6.10352e-005
7995.91
7397.92
-0.00012207
7806.74
7499.88
-0.00012207
7803.01
0
7389.64
6.10352e-005
7995.91
7493.57
-0.00012207
7993.44
7499.88
-0.00012207
7803.01
0
7493.57
-0.00012207
7993.44
7499.88
-0.00012207
7803.01
7533.8
0
8041.56
0
7538
19.7294
7686.4
7499.88
-0.00012207
7803.01
7533.8
0
8041.56
0
7533.8
0
8041.56
7650.64
-0.00012207
8023.61
7538
19.7294
7686.4
0
7533.8
0
8041.56
7530.32
0
8151.4
7650.64
-0.00012207
8023.61
0
7530.32
0
8151.4
7637.69
0
8155.71
7650.64
-0.00012207
8023.61
0
7538
19.7294
7686.4
7808.04
11.0192
7678.75
7650.64
-0.00012207
8023.61
0
7650.64
-0.00012207
8023.61
7785.08
-0.00012207
8016.35
7808.04
11.0192
7678.75
0
7785.08
-0.00012207
8016.35
7906.08
-0.00012207
8000.23
7808.04
11.0192
7678.75
0
7906.08
-0.00012207
8000.23
8170.72
0
7675.98
7808.04
11.0192
7678.75
0
7906.08
-0.00012207
8000.23
8037.97
0
7994.4
8170.72
0
7675.98
0
8037.97
0
7994.4
8162.38
-0.00012207
7820.47
8170.72
0
7675.98
0
8037.97
0
7994.4
8158.58
-0.000244141
7992.31
8162.38
-0.00012207
7820.47
0
7785.08
-0.00012207
8016.35
7785.07
0
8152.79
7906.08
-0.00012207
8000.23
0
7785.07
0
8152.79
7893.52
0
8155.68
7906.08
-0.00012207
8000.23
0
8037.97
0
7994.4
8040.15
-0.00012207
8149.83
8158.58
-0.000244141
7992.31
0
8040.15
-0.00012207
8149.83
8147.96
-0.00012207
8146.85
8158.58
-0.000244141
7992.31
0
8158.58
-0.000244141
7992.31
8279.99
-0.000244141
7992.58
8162.38
-0.00012207
7820.47
0
8279.99
-0.000244141
7992.58
8272.65
-0.000244141
7816.35
8162.38
-0.00012207
7820.47
0
8279.99
-0.000244141
7992.58
9178.2
3.26938
7826.39
8272.65
-0.000244141
7816.35
0
8279.99
-0.000244141
7992.58
9183.69
0
7968.66
9178.2
3.26938
7826.39
0
8274.35
-6.10352e-005
8079.27
9183.69
0
7968.66
8279.99
-0.000244141
7992.58
0
8274.35
-6.10352e-005
8079.27
9177.74
0
8082.22
9183.69
0
7968.66
0
8272.65
-0.000244141
7816.35
9178.2
3.26938
7826.39
8278.44
-0.000183105
7710.23
0
9178.2
3.26938
7826.39
9177.89
0
7678.45
8278.44
-0.000183105
7710.23
0
9183.69
0
7968.66
9266.19
-0.00012207
7979.05
9178.2
3.26938
7826.39
0
9266.19
-0.00012207
7979.05
9271.8
3.26929
7819.1
9178.2
3.26938
7826.39
0
9266.19
-0.00012207
7979.05
9403.85
-6.10352e-005
7813.35
9271.8
3.26929
7819.1
0
9266.19
-0.00012207
7979.05
9410.18
-6.10352e-005
8070.86
9403.85
-6.10352e-005
7813.35
0
9272.85
3.88489
8085.21
9410.18
-6.10352e-005
8070.86
9266.19
-0.00012207
7979.05
0
9271.8
3.26929
7819.1
9403.85
-6.10352e-005
7813.35
9276.84
3.26935
7679.62
0
9403.85
-6.10352e-005
7813.35
9407.68
-6.10352e-005
7677.92
9276.84
3.26935
7679.62
0
9410.18
-6.10352e-005
8070.86
10349.3
-0.00012207
8033.72
9403.85
-6.10352e-005
7813.35
0
10349.3
-0.00012207
8033.72
10457
2.58057
7810.04
9403.85
-6.10352e-005
7813.35
0
10349.3
-0.00012207
8033.72
10465.4
2.5806
7896.08
10457
2.58057
7810.04
0
10349.3
-0.00012207
8033.72
10562.1
-0.000183105
8026.94
10465.4
2.5806
7896.08
0
10562.1
-0.000183105
8026.94
10565.8
-6.10352e-005
7912.46
10465.4
2.5806
7896.08
0
10351.4
4.3634
8843.6
10562.1
-0.000183105
8026.94
10349.3
-0.00012207
8033.72
0
10351.4
4.3634
8843.6
10546.5
-0.00012207
8963.97
10562.1
-0.000183105
8026.94
0
10387.5
4.36328
9068.33
10546.5
-0.00012207
8963.97
10351.4
4.3634
8843.6
0
10288.7
4.3634
8908.62
10387.5
4.36328
9068.33
10351.4
4.3634
8843.6
0
10290.1
4.3634
9091.76
10387.5
4.36328
9068.33
10288.7
4.3634
8908.62
0
10387.5
4.36328
9068.33
10542.2
-0.00012207
9073.02
10546.5
-0.00012207
8963.97
0
10542.2
-0.00012207
9073.02
10684.9
-6.10352e-005
9084.32
10546.5
-0.00012207
8963.97
0
10684.9
-6.10352e-005
9084.32
10689.2
-6.10352e-005
8964.25
10546.5
-0.00012207
8963.97
0
10390.3
4.36359
9173.51
10542.2
-0.00012207
9073.02
10387.5
4.36328
9068.33
0
10390.3
4.36359
9173.51
10518.2
-6.10352e-005
9173.79
10542.2
-0.00012207
9073.02
0
10390.3
4.36359
9173.51
10354.6
0
9485.94
10518.2
-6.10352e-005
9173.79
0
10216.5
0
9184.76
10354.6
0
9485.94
10390.3
4.36359
9173.51
0
10216.5
0
9184.76
10232.6
0
9442.57
10354.6
0
9485.94
0
10518.2
-6.10352e-005
9173.79
10354.6
0
9485.94
10688.2
0
9182.15
0
10354.6
0
9485.94
10674
0.889771
9722.2
10688.2
0
9182.15
0
10354.6
0
9485.94
10338.1
0
9682.95
10674
0.889771
9722.2
0
10338.1
0
9682.95
10524.9
-0.00012207
9843.42
10674
0.889771
9722.2
0
10524.9
-0.00012207
9843.42
10609.4
-0.00012207
9845.6
10674
0.889771
9722.2
0
10338.1
0
9682.95
10373.4
-0.00012207
9845.94
10524.9
-0.00012207
9843.42
0
10235.2
0
9733.44
10373.4
-0.00012207
9845.94
10338.1
0
9682.95
0
10235.2
0
9733.44
10302.7
0.00012207
9845.79
10373.4
-0.00012207
9845.94
0
10002.5
9.09814
9821.51
10302.7
0.00012207
9845.79
10235.2
0
9733.44
0
10002.5
9.09814
9821.51
10297.9
-0.000244141
10056
10302.7
0.00012207
9845.79
0
10002.5
9.09814
9821.51
10099.3
-0.000244141
10063.3
10297.9
-0.000244141
10056
0
10053.3
0
10094.5
10099.3
-0.000244141
10063.3
10002.5
9.09814
9821.51
0
9692.99
-100.383
9859.5
10053.3
0
10094.5
10002.5
9.09814
9821.51
0
9692.99
-100.383
9859.5
9746.88
15.4498
10098.1
10053.3
0
10094.5
0
10372.1
3.05176e-005
9939.64
10524.9
-0.00012207
9843.42
10373.4
-0.00012207
9845.94
0
10372.1
3.05176e-005
9939.64
10546.9
-6.10352e-005
9935.66
10524.9
-0.00012207
9843.42
0
10344.2
-161.379
10149.4
10546.9
-6.10352e-005
9935.66
10372.1
3.05176e-005
9939.64
0
10546.9
-6.10352e-005
9935.66
10344.2
-161.379
10149.4
10560
-161.379
10152.2
0
10597.6
-6.10352e-005
10055.2
10674
0.889771
9722.2
10609.4
-0.00012207
9845.6
0
10597.6
-6.10352e-005
10055.2
10652.1
-6.10352e-005
10055.6
10674
0.889771
9722.2
0
10652.1
-6.10352e-005
10055.6
10762.6
-6.10352e-005
10047.1
10674
0.889771
9722.2
0
10762.6
-6.10352e-005
10047.1
11065.1
0
9730.24
10674
0.889771
9722.2
0
11065.9
-6.10352e-005
10103.5
11065.1
0
9730.24
10762.6
-6.10352e-005
10047.1
0
10765.5
-6.10352e-005
10108.3
11065.9
-6.10352e-005
10103.5
10762.6
-6.10352e-005
10047.1
0
10332.3
-161.379
10369.6
10560
-161.379
10152.2
10344.2
-161.379
10149.4
0
10332.3
-161.379
10369.6
10579.9
-161.379
10368.8
10560
-161.379
10152.2
0
