99
2530.42
-89.363
1550.15
2831.63
-89.3632
2020.51
2530.8
-89.3631
2017.32
0
2530.42
-89.363
1550.15
2831.63
-89.3632
2020.51
2822.01
-90.8463
1550.62
0
2323.38
-96.5537
1556.15
2530.8
-89.3631
2017.32
2530.42
-89.363
1550.15
0
2323.38
-96.5537
1556.15
2315.99
-89.363
2030.04
2530.8
-89.3631
2017.32
0
2528.96
-86.7537
1411.93
2323.38
-96.5537
1556.15
2530.42
-89.363
1550.15
0
2528.96
-86.7537
1411.93
2329.21
-86.666
1409.46
2323.38
-96.5537
1556.15
0
2522.92
18.329
1263.85
2329.21
-86.666
1409.46
2528.96
-86.7537
1411.93
0
2522.92
18.329
1263.85
2325.27
0.794128
1262.98
2329.21
-86.666
1409.46
0
2526.8
1.33655
738.682
2325.27
0.794128
1262.98
2522.92
18.329
1263.85
0
2526.8
1.33655
738.682
2319.15
1.61798
736.606
2325.27
0.794128
1262.98
0
2526.8
1.33655
738.682
2441.97
1.93066
475.166
2319.15
1.61798
736.606
0
2541.4
18.3289
522.54
2441.97
1.93066
475.166
2526.8
1.33655
738.682
0
2526.8
1.33655
738.682
2587.95
18.329
657.164
2541.4
18.3289
522.54
0
2441.97
1.93066
475.166
2322.52
18.329
532.564
2319.15
1.61798
736.606
0
2322.52
18.329
532.564
2088.09
2.36139
741.75
2319.15
1.61798
736.606
0
2322.52
18.329
532.564
2093.6
18.329
534.525
2088.09
2.36139
741.75
0
2530.8
-89.3631
2017.32
2315.99
-89.363
2030.04
2547.15
-96.5536
2146.3
0
2328.63
-93.7982
2141.18
2547.15
-96.5536
2146.3
2315.99
-89.363
2030.04
0
2318.14
18.329
2316.71
2547.15
-96.5536
2146.3
2328.63
-93.7982
2141.18
0
2318.14
18.329
2316.71
2527.85
18.329
2322.37
2547.15
-96.5536
2146.3
0
2536.95
18.329
2822.04
2527.85
18.329
2322.37
2318.14
18.329
2316.71
0
2536.95
18.329
2822.04
2318.14
18.329
2316.71
2312.7
18.329
2824.78
0
2536.95
18.329
2822.04
2312.7
18.329
2824.78
2420.3
18.329
3094.99
0
2545.25
6.85126
3026.77
2536.95
18.329
2822.04
2420.3
18.329
3094.99
0
2536.95
18.329
2822.04
2545.25
6.85126
3026.77
2573.21
18.329
2920.79
0
2420.3
18.329
3094.99
2312.7
18.329
2824.78
2311.66
18.329
3038.15
0
1556.44
9.35757
2816.33
2311.66
18.329
3038.15
2312.7
18.329
2824.78
0
1556.44
9.35757
2816.33
1552.28
2.36139
3014.4
2311.66
18.329
3038.15
0
1377.2
99.8994
2827.17
1552.28
2.36139
3014.4
1556.44
9.35757
2816.33
0
1377.2
99.8994
2827.17
1384.44
101.141
3036.15
1552.28
2.36139
3014.4
0
685.154
103.083
3020.19
1384.44
101.141
3036.15
1377.2
99.8994
2827.17
0
850.507
103.083
2567.54
685.154
103.083
3020.19
1377.2
99.8994
2827.17
0
694.66
100.63
2569.2
685.154
103.083
3020.19
850.507
103.083
2567.54
0
850.507
103.083
2567.54
1369.48
99.7358
2751.49
1377.2
99.8994
2827.17
0
850.507
103.083
2567.54
1369.48
99.7358
2751.49
1174.88
101.141
2256.92
0
1369.48
99.7358
2751.49
1615.63
100.631
2746.86
1174.88
101.141
2256.92
0
1174.88
101.141
2256.92
1615.63
100.631
2746.86
1627.6
106.641
2158.24
0
1176.5
101.141
2084.62
1174.88
101.141
2256.92
1627.6
106.641
2158.24
0
1176.5
101.141
2084.62
1627.6
106.641
2158.24
1623.67
106.641
1991.74
0
1176.5
101.141
2084.62
1623.67
106.641
1991.74
1236.98
97.1331
2027.29
0
1326.14
106.641
1953.94
1236.98
97.1331
2027.29
1623.67
106.641
1991.74
0
1321.85
101.564
1637.14
1326.14
106.641
1953.94
1623.67
106.641
1991.74
0
1321.85
101.564
1637.14
1623.67
106.641
1991.74
1618.83
97.1331
1648.83
0
1227.6
98.4695
1536.64
1321.85
101.564
1637.14
1618.83
97.1331
1648.83
0
1227.6
98.4695
1536.64
1621.45
100.63
1481.89
1618.83
97.1331
1648.83
0
1170.88
100.63
1482.09
1227.6
98.4695
1536.64
1621.45
100.63
1481.89
0
1180.6
101.141
1318.81
1170.88
100.63
1482.09
1621.45
100.63
1481.89
0
1180.6
101.141
1318.81
1621.45
100.63
1481.89
1629.56
100.631
821.138
0
1180.6
101.141
1318.81
1629.56
100.631
821.138
1384.98
100.631
814.838
0
843.934
106.641
1026.28
1180.6
101.141
1318.81
1384.98
100.631
814.838
0
1008.3
100.708
533.986
843.934
106.641
1026.28
1384.98
100.631
814.838
0
1008.3
100.708
533.986
1384.98
100.631
814.838
1385.5
100.631
534.268
0
657.31
106.641
526.8
843.934
106.641
1026.28
1008.3
100.708
533.986
0
657.31
106.641
526.8
693.125
106.641
1040.72
843.934
106.641
1026.28
0
693.125
106.641
1040.72
660.73
192.569
1169.47
843.934
106.641
1026.28
0
660.73
192.569
1169.47
777.947
193.284
1179.27
843.934
106.641
1026.28
0
777.947
193.284
1179.27
843.934
106.641
1026.28
1180.6
101.141
1318.81
0
777.947
193.284
1179.27
985.892
192.57
1389.81
1180.6
101.141
1318.81
0
985.892
192.57
1389.81
1180.6
101.141
1318.81
1170.88
100.63
1482.09
0
985.892
192.57
1389.81
1004.37
193.283
1487.7
1170.88
100.63
1482.09
0
1004.37
193.283
1487.7
1227.6
98.4695
1536.64
1170.88
100.63
1482.09
0
1004.37
193.283
1487.7
1049.95
193.284
1542.66
1227.6
98.4695
1536.64
0
1013.58
192.569
2028.35
1176.5
101.141
2084.62
1236.98
97.1331
2027.29
0
1013.58
192.569
2028.35
985.159
195.457
2085.98
1176.5
101.141
2084.62
0
985.159
195.457
2085.98
1174.88
101.141
2256.92
1176.5
101.141
2084.62
0
985.159
195.457
2085.98
984.704
192.569
2180.57
1174.88
101.141
2256.92
0
984.704
192.569
2180.57
850.507
103.083
2567.54
1174.88
101.141
2256.92
0
984.704
192.569
2180.57
783.711
195.919
2372.62
850.507
103.083
2567.54
0
783.711
195.919
2372.62
694.66
100.63
2569.2
850.507
103.083
2567.54
0
661.747
195.919
2391.72
694.66
100.63
2569.2
783.711
195.919
2372.62
0
985.159
195.457
2085.98
1013.58
192.569
2028.35
899.922
194.067
2028.42
0
984.704
192.569
2180.57
985.159
195.457
2085.98
899.922
194.067
2028.42
0
899.922
194.067
2028.42
783.711
195.919
2372.62
984.704
192.569
2180.57
0
899.922
194.067
2028.42
661.747
195.919
2391.72
783.711
195.919
2372.62
0
381.707
193.657
2394.44
899.922
194.067
2028.42
661.747
195.919
2391.72
0
356.07
198.846
1847.4
381.707
193.657
2394.44
899.922
194.067
2028.42
0
356.07
198.846
1847.4
899.922
194.067
2028.42
775.471
198.846
1785.05
0
354.108
198.846
1724.01
356.07
198.846
1847.4
775.471
198.846
1785.05
0
354.108
198.846
1724.01
775.471
198.846
1785.05
875.357
193.145
1541.29
0
875.357
193.145
1541.29
1049.95
193.284
1542.66
1004.37
193.283
1487.7
0
875.357
193.145
1541.29
1004.37
193.283
1487.7
985.892
192.57
1389.81
0
777.947
193.284
1179.27
875.357
193.145
1541.29
985.892
192.57
1389.81
0
660.73
192.569
1169.47
875.357
193.145
1541.29
777.947
193.284
1179.27
0
660.73
192.569
1169.47
354.108
198.846
1724.01
875.357
193.145
1541.29
0
326.018
192.569
1173.68
354.108
198.846
1724.01
660.73
192.569
1169.47
0
206.555
195.016
1574.43
354.108
198.846
1724.01
326.018
192.569
1173.68
0
159.38
195.016
1177.82
206.555
195.016
1574.43
326.018
192.569
1173.68
0
11.3119
195.016
1282.31
206.555
195.016
1574.43
159.38
195.016
1177.82
0
11.3119
195.016
1282.31
2.01068
195.016
1514.21
206.555
195.016
1574.43
0
245.763
193.425
1995.96
381.707
193.657
2394.44
356.07
198.846
1847.4
0
245.763
193.425
1995.96
172.188
195.016
2359.85
381.707
193.657
2394.44
0
28.9789
195.016
2013.39
172.188
195.016
2359.85
245.763
193.425
1995.96
0
28.9789
195.016
2013.39
17.9795
195.016
2296.05
172.188
195.016
2359.85
0
226.79
270.766
1725.32
356.07
198.846
1847.4
354.108
198.846
1724.01
0
226.79
270.766
1725.32
225.105
270.766
1848.66
356.07
198.846
1847.4
0
150.036
270.766
1742.27
225.105
270.766
1848.66
226.79
270.766
1725.32
0
150.036
270.766
1742.27
149.257
270.766
1826.31
225.105
270.766
1848.66
0
-150.447
64.1136
1725.01
149.257
270.766
1826.31
150.036
270.766
1742.27
0
-150.447
64.1136
1725.01
-149.869
62.4141
1820.09
149.257
270.766
1826.31
0
