620
1806.73
49.9141
1721.33
1787.62
59.597
1853.15
1972.55
7.0506
1716
0
1787.62
59.597
1853.15
1972.55
7.0506
1716
1962.73
7.69147
1857.96
0
1972.55
7.0506
1716
1962.73
7.69147
1857.96
2049.32
1.2207
1570.64
0
2049.32
1.2207
1570.64
1962.73
7.69147
1857.96
2322.65
2.73804
1598.21
0
1962.73
7.69147
1857.96
2057.15
0.958252
2000.58
2322.65
2.73804
1598.21
0
2049.32
1.2207
1570.64
2322.65
2.73804
1598.21
2346.51
2.73804
1366.73
0
2076.62
2.36121
1393.06
2049.32
1.2207
1570.64
2346.51
2.73804
1366.73
0
2057.15
0.958252
2000.58
2384.38
2.36121
2014.7
2322.65
2.73804
1598.21
0
2046.94
2.36121
2181.87
2384.38
2.36121
2014.7
2057.15
0.958252
2000.58
0
2322.65
2.73804
1598.21
2384.38
2.36121
2014.7
3064.19
3.4104
1610.97
0
2384.38
2.36121
2014.7
3060.96
3.71899
1900.76
3064.19
3.4104
1610.97
0
2384.38
2.36121
2014.7
3052.08
3.47363
2026.21
3060.96
3.71899
1900.76
0
3064.19
3.4104
1610.97
3060.96
3.71899
1900.76
3181.12
-11.4673
1547.87
0
3060.96
3.71899
1900.76
3174.15
2.7146
1895.82
3181.12
-11.4673
1547.87
0
3174.15
2.7146
1895.82
3351.48
1.5083
1935.49
3181.12
-11.4673
1547.87
0
3351.48
1.5083
1935.49
3764.84
-0.0986938
1648.75
3181.12
-11.4673
1547.87
0
3764.84
-0.0986938
1648.75
3761.6
0.0463867
1549.76
3181.12
-11.4673
1547.87
0
3351.48
1.5083
1935.49
3528.01
0.134705
1937.52
3764.84
-0.0986938
1648.75
0
3528.01
0.134705
1937.52
3769.03
-11.4673
1912.47
3764.84
-0.0986938
1648.75
0
3764.84
-0.0986938
1648.75
3769.03
-11.4673
1912.47
3870.96
0.189392
1649.97
0
3769.03
-11.4673
1912.47
3867.99
0.308167
1914.88
3870.96
0.189392
1649.97
0
3867.99
0.308167
1914.88
4169.65
-0.0688477
1897.6
3870.96
0.189392
1649.97
0
4169.65
-0.0688477
1897.6
4786
1.5083
1652.53
3870.96
0.189392
1649.97
0
4786
1.5083
1652.53
3870.96
0.189392
1649.97
4742.49
1.50824
1557.34
0
3870.96
0.189392
1649.97
4742.49
1.50824
1557.34
3874.67
-0.190918
1567.46
0
4490.75
-0.088623
1903.17
4786
1.5083
1652.53
4169.65
-0.0688477
1897.6
0
4490.75
-0.088623
1903.17
4615.45
0.562378
1887.04
4786
1.5083
1652.53
0
4785.76
-0.0353394
1863.02
4786
1.5083
1652.53
4615.45
0.562378
1887.04
0
4781.16
0.0287476
1952.6
4785.76
-0.0353394
1863.02
4615.45
0.562378
1887.04
0
3528.01
0.134705
1937.52
3351.48
1.5083
1935.49
3534.53
0.0459595
2081.64
0
3351.48
1.5083
1935.49
3353
-0.190979
2072.31
3534.53
0.0459595
2081.64
0
3534.53
0.0459595
2081.64
3353
-0.190979
2072.31
3421.02
0.318848
2446.77
0
3206.64
-0.0406494
2069.01
3421.02
0.318848
2446.77
3353
-0.190979
2072.31
0
3206.64
-0.0406494
2069.01
3195.11
0.223511
2438.49
3421.02
0.318848
2446.77
0
3775.56
0.182434
2108.63
3534.53
0.0459595
2081.64
3421.02
0.318848
2446.77
0
3775.56
0.182434
2108.63
3421.02
0.318848
2446.77
3898.81
-0.0874023
2415.96
0
4491.27
-0.0109558
2109.9
4490.75
-0.088623
1903.17
4169.65
-0.0688477
1897.6
0
4181.86
-0.0658875
2085.23
4491.27
-0.0109558
2109.9
4169.65
-0.0688477
1897.6
0
4224.38
-0.118439
2432.11
4491.27
-0.0109558
2109.9
4181.86
-0.0658875
2085.23
0
3775.56
0.182434
2108.63
3898.81
-0.0874023
2415.96
4181.86
-0.0658875
2085.23
0
3898.81
-0.0874023
2415.96
4224.38
-0.118439
2432.11
4181.86
-0.0658875
2085.23
0
5465.36
-0.0935974
2421.17
4491.27
-0.0109558
2109.9
4224.38
-0.118439
2432.11
0
5465.36
-0.0935974
2421.17
5140.99
-0.204285
2083.4
4491.27
-0.0109558
2109.9
0
5465.36
-0.0935974
2421.17
5307.58
0.0946045
2073.09
5140.99
-0.204285
2083.4
0
5465.36
-0.0935974
2421.17
5445.06
-0.052002
2076.4
5307.58
0.0946045
2073.09
0
4882.8
-0.232361
1847.66
4786
1.5083
1652.53
4785.76
-0.0353394
1863.02
0
4882.8
-0.232361
1847.66
4888.02
0.200562
1648.65
4786
1.5083
1652.53
0
4882.8
-0.232361
1847.66
4945.26
-0.0991211
1770.33
4888.02
0.200562
1648.65
0
4888.02
0.200562
1648.65
4945.26
-0.0991211
1770.33
5294.08
0.0405273
1553.75
0
4888.02
0.200562
1648.65
5294.08
0.0405273
1553.75
4891.5
4.62396
1561.25
0
5134.38
0.0285034
1932.38
5294.08
0.0405273
1553.75
4945.26
-0.0991211
1770.33
0
5134.38
0.0285034
1932.38
5304.51
0.123657
1929.3
5294.08
0.0405273
1553.75
0
5140.99
-0.204285
2083.4
5307.58
0.0946045
2073.09
5134.38
0.0285034
1932.38
0
5304.51
0.123657
1929.3
5134.38
0.0285034
1932.38
5307.58
0.0946045
2073.09
0
5304.51
0.123657
1929.3
5533.86
1.50818
1882.24
5294.08
0.0405273
1553.75
0
5533.86
1.50818
1882.24
5637.5
0.39563
1561.93
5294.08
0.0405273
1553.75
0
5533.86
1.50818
1882.24
5640.15
0.046875
1879.35
5637.5
0.39563
1561.93
0
5640.15
0.046875
1879.35
6139.67
0.229492
1600.19
5637.5
0.39563
1561.93
0
5640.15
0.046875
1879.35
6140.78
0.596008
2025.97
6139.67
0.229492
1600.19
0
5632.16
-6.49054
2020.58
6140.78
0.596008
2025.97
5640.15
0.046875
1879.35
0
5637.5
0.39563
1561.93
6139.67
0.229492
1600.19
6134.81
0.11377
1544.95
0
6139.67
0.229492
1600.19
6140.78
0.596008
2025.97
6539.14
2.93713
1993.87
0
6139.67
0.229492
1600.19
6539.14
2.93713
1993.87
6640.78
2.79944
1622.47
0
6640.78
2.79944
1622.47
6539.14
2.93713
1993.87
6717.4
4.57263
1994.49
0
6640.78
2.79944
1622.47
6717.4
4.57263
1994.49
6747.95
0.0631104
1567.82
0
6539.14
2.93713
1993.87
6586.39
2.93701
2174.4
6717.4
4.57263
1994.49
0
6539.14
2.93713
1993.87
6530.19
2.93713
2167.53
6586.39
2.93701
2174.4
0
6586.39
2.93701
2174.4
6672.16
2.93713
2183.09
6717.4
4.57263
1994.49
0
6717.4
4.57263
1994.49
6672.16
2.93713
2183.09
6724.13
2.93726
2168.78
0
6747.95
0.0631104
1567.82
6717.4
4.57263
1994.49
7286.02
2.33691
1564.23
0
6717.4
4.57263
1994.49
7166.7
-11.4675
1983.5
7286.02
2.33691
1564.23
0
7493.55
-0.031189
1567.6
7286.02
2.33691
1564.23
7166.7
-11.4675
1983.5
0
7623.7
0.513916
1878.45
7493.55
-0.031189
1567.6
7166.7
-11.4675
1983.5
0
7622.53
0.153748
1687.76
7493.55
-0.031189
1567.6
7623.7
0.513916
1878.45
0
7626.63
-0.0162354
1579.14
7493.55
-0.031189
1567.6
7622.53
0.153748
1687.76
0
8190.3
2.63318
1699.05
7622.53
0.153748
1687.76
7623.7
0.513916
1878.45
0
8190.3
2.63318
1699.05
7623.7
0.513916
1878.45
8193.89
2.12927
1882.02
0
8394.69
2.63318
1709.61
8190.3
2.63318
1699.05
8193.89
2.12927
1882.02
0
8394.69
2.63318
1709.61
8193.89
2.12927
1882.02
8393.78
0.177856
2496.31
0
8193.89
2.12927
1882.02
8189.39
1.69055
2469.57
8393.78
0.177856
2496.31
0
8190.36
2.83362
975.378
8190.3
2.63318
1699.05
8394.69
2.63318
1709.61
0
8391.33
-0.0944824
784.649
8190.36
2.83362
975.378
8394.69
2.63318
1709.61
0
8391.33
-0.0944824
784.649
7495.36
9.46228
836.166
8190.36
2.83362
975.378
0
8190.36
2.83362
975.378
7495.36
9.46228
836.166
7493.43
0.224487
981.651
0
7495.36
9.46228
836.166
7295.94
9.46228
823.971
7493.43
0.224487
981.651
0
7493.43
0.224487
981.651
7295.94
9.46228
823.971
7297.36
0.21814
981.353
0
7295.94
9.46228
823.971
6769.42
-0.0618286
796.28
7297.36
0.21814
981.353
0
6769.42
-0.0618286
796.28
6777.39
1.79218
975.128
7297.36
0.21814
981.353
0
7493.43
0.224487
981.651
7297.36
0.21814
981.353
7493.55
-0.031189
1567.6
0
7297.36
0.21814
981.353
7286.02
2.33691
1564.23
7493.55
-0.031189
1567.6
0
7166.7
-11.4675
1983.5
7562.4
3.01776
2511.57
7623.7
0.513916
1878.45
0
7562.4
3.01776
2511.57
7621.55
3.01758
2483.67
7623.7
0.513916
1878.45
0
7177.72
3.93335
2454.43
7562.4
3.01776
2511.57
7166.7
-11.4675
1983.5
0
7177.72
3.93335
2454.43
7170.85
2.54187
2639.21
7562.4
3.01776
2511.57
0
6999.65
2.54187
2505.87
7170.85
2.54187
2639.21
7177.72
3.93335
2454.43
0
7008.91
2.54187
2459.33
6999.65
2.54187
2505.87
7177.72
3.93335
2454.43
0
6999.65
2.54187
2505.87
6997.29
2.54187
2586.89
7170.85
2.54187
2639.21
0
6997.29
2.54187
2586.89
7002.09
-0.0500488
2643.03
7170.85
2.54187
2639.21
0
7566.3
0.297852
3014.06
7562.4
3.01776
2511.57
7170.85
2.54187
2639.21
0
7168.27
0.518677
3058.97
7566.3
0.297852
3014.06
7170.85
2.54187
2639.21
0
7244.49
3.52673
3484.91
7566.3
0.297852
3014.06
7168.27
0.518677
3058.97
0
7181.6
3.52673
3480.09
7244.49
3.52673
3484.91
7168.27
0.518677
3058.97
0
7244.49
3.52673
3484.91
7571.81
0.110413
3493.76
7566.3
0.297852
3014.06
0
7244.49
3.52673
3484.91
7623.54
0.475586
3665.65
7571.81
0.110413
3493.76
0
7244.49
3.52673
3484.91
7254.77
3.12769
3639.26
7623.54
0.475586
3665.65
0
7254.77
3.12769
3639.26
7526.62
14.8907
3781.51
7623.54
0.475586
3665.65
0
7254.77
3.12769
3639.26
7172.94
3.1275
3713.74
7526.62
14.8907
3781.51
0
7172.94
3.1275
3713.74
7394.55
21.4326
3815.16
7526.62
14.8907
3781.51
0
7164.53
3.12762
3644.27
7172.94
3.1275
3713.74
7254.77
3.12769
3639.26
0
7394.55
21.4326
3815.16
7172.94
3.1275
3713.74
7001.71
2.64716
3831.09
0
7172.94
3.1275
3713.74
6986.33
2.64703
3718.93
7001.71
2.64716
3831.09
0
7394.55
21.4326
3815.16
7001.71
2.64716
3831.09
7384.12
15.0366
3956.47
0
7001.71
2.64716
3831.09
6994.95
4.57306
3946.23
7384.12
15.0366
3956.47
0
6994.95
4.57306
3946.23
7164.54
0.489746
4066.5
7384.12
15.0366
3956.47
0
6994.95
4.57306
3946.23
6987.85
4.57294
4055.08
7164.54
0.489746
4066.5
0
7526.62
14.8907
3781.51
7616.42
-6.10352e-005
3854.75
7623.54
0.475586
3665.65
0
7623.54
0.475586
3665.65
7616.42
-6.10352e-005
3854.75
7823.34
5.28601
3655.94
0
7616.42
-6.10352e-005
3854.75
7812.18
0.0114746
4100.57
7823.34
5.28601
3655.94
0
7539.68
15.0367
3974.28
7812.18
0.0114746
4100.57
7616.42
-6.10352e-005
3854.75
0
7539.68
15.0367
3974.28
7614.15
-0.00378418
4116.81
7812.18
0.0114746
4100.57
0
7384.12
15.0366
3956.47
7614.15
-0.00378418
4116.81
7539.68
15.0367
3974.28
0
7384.12
15.0366
3956.47
7164.54
0.489746
4066.5
7614.15
-0.00378418
4116.81
0
7164.54
0.489746
4066.5
7248.65
3.07446
4193.33
7614.15
-0.00378418
4116.81
0
7164.54
0.489746
4066.5
7182.95
3.07434
4191.78
7248.65
3.07446
4193.33
0
7248.65
3.07446
4193.33
7243.17
0.458252
4335.64
7614.15
-0.00378418
4116.81
0
7243.17
0.458252
4335.64
7615.63
2.93573
4420.23
7614.15
-0.00378418
4116.81
0
7243.17
0.458252
4335.64
7160.97
0.256409
4475.59
7615.63
2.93573
4420.23
0
7165.58
0.435364
4344.02
7160.97
0.256409
4475.59
7243.17
0.458252
4335.64
0
7160.97
0.256409
4475.59
7624.94
2.79364
4881.75
7615.63
2.93573
4420.23
0
7615.63
2.93573
4420.23
7624.94
2.79364
4881.75
7818.36
5.28601
4417.47
0
7624.94
2.79364
4881.75
7816.61
0.0400391
4876.16
7818.36
5.28601
4417.47
0
7157.09
4.85254
4827.13
7624.94
2.79364
4881.75
7160.97
0.256409
4475.59
0
7024.95
0.206238
4486.76
7157.09
4.85254
4827.13
7160.97
0.256409
4475.59
0
7024.95
0.206238
4486.76
7032.3
4.8526
4822.49
7157.09
4.85254
4827.13
0
7157.09
4.85254
4827.13
7244.11
2.57306
4961.28
7624.94
2.79364
4881.75
0
7157.09
4.85254
4827.13
7174.07
2.57294
4959.29
7244.11
2.57306
4961.28
0
7244.11
2.57306
4961.28
7304.78
3.01544
5116.47
7624.94
2.79364
4881.75
0
7624.94
2.79364
4881.75
7304.78
3.01544
5116.47
7616.48
0.531738
5187.47
0
7304.78
3.01544
5116.47
7515.39
2.65771
5296.07
7616.48
0.531738
5187.47
0
7616.48
0.531738
5187.47
7515.39
2.65771
5296.07
7531
-0.0999756
5481.96
0
7616.48
0.531738
5187.47
7531
-0.0999756
5481.96
7580.4
-0.163574
5643.66
0
7816.38
5.62036
5196.16
7616.48
0.531738
5187.47
7580.4
-0.163574
5643.66
0
7816.38
5.62036
5196.16
7580.4
-0.163574
5643.66
7812.36
0.0379639
5644.2
0
7400.23
0.180054
5489.02
7580.4
-0.163574
5643.66
7531
-0.0999756
5481.96
0
7400.23
0.180054
5489.02
7162.25
2.67969
5598.79
7580.4
-0.163574
5643.66
0
7372.88
2.52161
5366.76
7162.25
2.67969
5598.79
7400.23
0.180054
5489.02
0
6996.84
3.77777
5470.1
7162.25
2.67969
5598.79
7372.88
2.52161
5366.76
0
7171.28
3.20813
5262.39
6996.84
3.77777
5470.1
7372.88
2.52161
5366.76
0
7171.28
3.20813
5262.39
6996.62
3.20807
5365.47
6996.84
3.77777
5470.1
0
6998.89
2.14618
5266.03
6996.62
3.20807
5365.47
7171.28
3.20813
5262.39
0
6996.84
3.77777
5470.1
7005.39
3.77777
5585.5
7162.25
2.67969
5598.79
0
7245.39
4.43732
6825.56
7580.4
-0.163574
5643.66
7162.25
2.67969
5598.79
0
7174
4.43738
6827.4
7245.39
4.43732
6825.56
7162.25
2.67969
5598.79
0
7245.39
4.43732
6825.56
7500.52
6.88965
6731.14
7580.4
-0.163574
5643.66
0
7500.52
6.88965
6731.14
7550.86
6.88965
6694.15
7580.4
-0.163574
5643.66
0
7500.52
6.88965
6731.14
7245.39
4.43732
6825.56
7498.36
6.88965
6851.62
0
7498.36
6.88965
6851.62
7245.39
4.43732
6825.56
7242.89
-11.4673
7001.88
0
7621.28
-11.4673
6904.57
7498.36
6.88965
6851.62
7242.89
-11.4673
7001.88
0
7267.95
1.1698
7257.36
7621.28
-11.4673
6904.57
7242.89
-11.4673
7001.88
0
7267.95
1.1698
7257.36
7521.1
1.16998
7254.82
7621.28
-11.4673
6904.57
0
7521.1
1.16998
7254.82
7679.14
6.23502
7029.33
7621.28
-11.4673
6904.57
0
7521.1
1.16998
7254.82
7657.73
1.16998
7257.93
7679.14
6.23502
7029.33
0
7657.73
1.16998
7257.93
7836.58
6.23499
6991.11
7679.14
6.23502
7029.33
0
7657.73
1.16998
7257.93
7924.63
6.88965
7473.21
7836.58
6.23499
6991.11
0
7836.58
6.23499
6991.11
7924.63
6.88965
7473.21
7927.41
6.23499
6928.52
0
7681.34
6.88965
7476.69
7924.63
6.88965
7473.21
7657.73
1.16998
7257.93
0
7924.63
6.88965
7473.21
8375.28
4.93091
6916.83
7927.41
6.23499
6928.52
0
8267.03
6.88965
7547.37
8375.28
4.93091
6916.83
7924.63
6.88965
7473.21
0
8267.03
6.88965
7547.37
8350.5
6.88965
7486.08
8375.28
4.93091
6916.83
0
8057.85
6.88965
7740.61
8267.03
6.88965
7547.37
7924.63
6.88965
7473.21
0
7927.95
6.88971
7739.95
8057.85
6.88965
7740.61
7924.63
6.88965
7473.21
0
8057.85
6.88965
7740.61
8316.86
6.88965
7662.47
8267.03
6.88965
7547.37
0
8316.86
6.88965
7662.47
8057.85
6.88965
7740.61
8060.76
6.88953
7807.87
0
8316.86
6.88965
7662.47
8060.76
6.88953
7807.87
8317.14
6.88965
8068.05
0
8060.76
6.88953
7807.87
8058.06
6.88959
8000.57
8317.14
6.88965
8068.05
0
8317.14
6.88965
8068.05
8058.06
6.88959
8000.57
8312.08
3.03821
8183.65
0
8058.06
6.88959
8000.57
8060.64
6.88965
8067.15
8312.08
3.03821
8183.65
0
8312.08
3.03821
8183.65
8060.64
6.88965
8067.15
7957.05
4.43732
8312.32
0
8060.64
6.88965
8067.15
7953.19
-0.275208
8073.48
7957.05
4.43732
8312.32
0
8287.03
6.23499
8797.09
8312.08
3.03821
8183.65
7957.05
4.43732
8312.32
0
8287.03
6.23499
8797.09
7957.05
4.43732
8312.32
7963.39
6.23499
8819.8
0
7674.21
4.43738
8548.96
7963.39
6.23499
8819.8
7957.05
4.43732
8312.32
0
7699.73
4.43738
8319.36
7674.21
4.43738
8548.96
7957.05
4.43732
8312.32
0
7552.96
0.0793457
8815.21
7963.39
6.23499
8819.8
7674.21
4.43738
8548.96
0
7517.22
1.16974
8559.62
7552.96
0.0793457
8815.21
7674.21
4.43738
8548.96
0
7243.58
7.2262
8814.48
7552.96
0.0793457
8815.21
7517.22
1.16974
8559.62
0
7243.58
7.2262
8814.48
7517.22
1.16974
8559.62
7277.61
1.16992
8558.39
0
7109.1
6.23486
8800.87
7243.58
7.2262
8814.48
7277.61
1.16992
8558.39
0
7109.1
6.23486
8800.87
7277.61
1.16992
8558.39
7135.86
1.1698
8547.04
0
7135.86
1.1698
8547.04
6864.3
6.35986
8320.4
7109.1
6.23486
8800.87
0
7135.86
1.1698
8547.04
7115.32
4.20105
8323.14
6864.3
6.35986
8320.4
0
6612.5
6.36005
8783.63
7109.1
6.23486
8800.87
6864.3
6.35986
8320.4
0
6612.5
6.36005
8783.63
6864.3
6.35986
8320.4
6721.62
6.35999
8051.3
0
6481.17
8.7215
8690.61
6612.5
6.36005
8783.63
6721.62
6.35999
8051.3
0
6481.17
8.7215
8690.61
6721.62
6.35999
8051.3
6490.96
6.23474
8064.02
0
6864.3
6.35986
8320.4
6867.86
6.35999
8066.37
6721.62
6.35999
8051.3
0
7242.89
-11.4673
7001.88
7267.95
1.1698
7257.36
7096.56
3.2796
7127.34
0
7096.56
3.2796
7127.34
7115.46
3.2796
7257.91
7267.95
1.1698
7257.36
0
6878.19
3.2796
7161.01
7115.46
3.2796
7257.91
7096.56
3.2796
7127.34
0
6878.19
3.2796
7161.01
6856.03
3.27942
7486.81
7115.46
3.2796
7257.91
0
6856.03
3.27942
7486.81
7113.78
3.27954
7493.32
7115.46
3.2796
7257.91
0
6486.33
3.27966
7193.88
6856.03
3.27942
7486.81
6878.19
3.2796
7161.01
0
6486.33
3.27966
7193.88
6878.19
3.2796
7161.01
6778.81
3.27966
7055.71
0
6671.37
3.27966
6942.33
6486.33
3.27966
7193.88
6778.81
3.27966
7055.71
0
6486.33
3.27966
7193.88
6495.26
3.88354
7737.74
6856.03
3.27942
7486.81
0
6495.26
3.88354
7737.74
6730.91
3.21912
7744.91
6856.03
3.27942
7486.81
0
6730.91
3.21912
7744.91
6853.05
3.21924
7745.52
6856.03
3.27942
7486.81
0
6495.26
3.88354
7737.74
6718.44
3.88367
7794.6
6730.91
3.21912
7744.91
0
6490.96
6.23474
8064.02
6721.62
6.35999
8051.3
6712.87
5.37146
7984.42
0
6495.26
3.88354
7737.74
6490.96
6.23474
8064.02
6718.44
3.88367
7794.6
0
6718.44
3.88367
7794.6
6490.96
6.23474
8064.02
6712.87
5.37146
7984.42
0
6718.44
3.88367
7794.6
6712.87
5.37146
7984.42
6925.67
-60.226
7810.61
0
6712.87
5.37146
7984.42
6924.58
-58.452
7997.9
6925.67
-60.226
7810.61
0
7521.1
1.16998
7254.82
7267.95
1.1698
7257.36
7507.69
-60.2261
7413.1
0
7507.69
-60.2261
7413.1
7267.95
1.1698
7257.36
7291.23
-60.2262
7415.86
0
8058.06
6.88959
8000.57
8060.76
6.88953
7807.87
7885.32
-60.2262
7999.2
0
7885.32
-60.2262
7999.2
8060.76
6.88953
7807.87
7884.83
-60.2261
7807.63
0
7517.22
1.16974
8559.62
7275.2
-57.7604
8390.35
7277.61
1.16992
8558.39
0
7517.22
1.16974
8559.62
7461.56
-57.7601
8394.29
7275.2
-57.7604
8390.35
0
7395
-56.7969
7737.92
7291.23
-60.2262
7415.86
7507.69
-60.2261
7413.1
0
7164.22
-58.4517
7535.89
7395
-56.7969
7737.92
7291.23
-60.2262
7415.86
0
7298.7
-44.5175
7763.11
7395
-56.7969
7737.92
7164.22
-58.4517
7535.89
0
7164.22
-58.4517
7535.89
7291.23
-60.2262
7415.86
7183.44
-62.5801
7414.59
0
7489.76
-44.5197
7761.78
7395
-56.7969
7737.92
7507.69
-60.2261
7413.1
0
7489.76
-44.5197
7761.78
7617.55
-58.0321
7541.23
7507.69
-60.2261
7413.1
0
7617.55
-58.0321
7541.23
7619.48
-58.452
7424.67
7507.69
-60.2261
7413.1
0
7532.82
-25.9448
7920.78
7885.32
-60.2262
7999.2
7884.83
-60.2261
7807.63
0
7617.55
-58.0321
7541.23
7532.82
-25.9448
7920.78
7489.76
-44.5197
7761.78
0
7532.82
-25.9448
7920.78
7884.83
-60.2261
7807.63
7617.55
-58.0321
7541.23
0
7884.83
-60.2261
7807.63
7884.73
-62.5801
7540.03
7617.55
-58.0321
7541.23
0
7623.17
-58.4518
8273.95
7885.32
-60.2262
7999.2
7532.82
-25.9448
7920.78
0
7623.17
-58.4518
8273.95
7885.21
-62.5802
8263.31
7885.32
-60.2262
7999.2
0
7275.2
-57.7604
8390.35
7461.56
-57.7601
8394.29
7398.58
-56.797
8045.67
0
7461.56
-57.7601
8394.29
7495.35
-40.0414
8033.99
7398.58
-56.797
8045.67
0
7495.35
-40.0414
8033.99
7623.17
-58.4518
8273.95
7532.82
-25.9448
7920.78
0
7461.56
-57.7601
8394.29
7623.17
-58.4518
8273.95
7495.35
-40.0414
8033.99
0
7461.56
-57.7601
8394.29
7618.46
-62.5802
8390.87
7623.17
-58.4518
8273.95
0
7275.2
-57.7604
8390.35
7398.58
-56.797
8045.67
7303.22
-58.0319
8027.36
0
7165.5
-58.4518
8267.93
7275.2
-57.7604
8390.35
7303.22
-58.0319
8027.36
0
7173.14
-58.4517
8388.4
7275.2
-57.7604
8390.35
7165.5
-58.4518
8267.93
0
6924.58
-58.452
7997.9
6925.67
-60.226
7810.61
7265.19
-23.4585
7900
0
6924.58
-58.452
7997.9
7165.5
-58.4518
8267.93
7265.19
-23.4585
7900
0
7303.22
-58.0319
8027.36
7265.19
-23.4585
7900
7165.5
-58.4518
8267.93
0
6915.86
-62.5803
8261.16
7165.5
-58.4518
8267.93
6924.58
-58.452
7997.9
0
7265.19
-23.4585
7900
7298.7
-44.5175
7763.11
6925.67
-60.226
7810.61
0
6925.67
-60.226
7810.61
7298.7
-44.5175
7763.11
7164.22
-58.4517
7535.89
0
6925.67
-60.226
7810.61
7164.22
-58.4517
7535.89
6912.24
-62.5801
7534.04
0
6336.82
3.88379
7750.53
6495.26
3.88354
7737.74
6490.96
6.23474
8064.02
0
6490.96
6.23474
8064.02
6336.82
3.88379
7750.53
6349.51
3.88379
8057.69
0
5787.44
3.96985
7735.92
6349.51
3.88379
8057.69
6336.82
3.88379
7750.53
0
5787.44
3.96985
7735.92
5992.25
3.39282
8123.5
6349.51
3.88379
8057.69
0
8460
4.43732
8059.41
8316.86
6.88965
7662.47
8317.14
6.88965
8068.05
0
8460
4.43732
8059.41
9158.24
-11.4674
7667.72
8316.86
6.88965
7662.47
0
9193.3
0.470337
8137.78
9158.24
-11.4674
7667.72
8460
4.43732
8059.41
0
8461.1
6.23505
8128.05
9193.3
0.470337
8137.78
8460
4.43732
8059.41
0
7243.58
7.2262
8814.48
7243.2
7.22644
8975.78
7552.96
0.0793457
8815.21
0
7243.2
7.22644
8975.78
7565.31
-11.4673
9173.81
7552.96
0.0793457
8815.21
0
7180.34
7.22632
9146.83
7565.31
-11.4673
9173.81
7243.2
7.22644
8975.78
0
7171.48
7.22626
8972.71
7180.34
7.22632
9146.83
7243.2
7.22644
8975.78
0
7180.34
7.22632
9146.83
7246.77
3.52673
9621.68
7565.31
-11.4673
9173.81
0
7180.34
7.22632
9146.83
7172.22
3.52679
9617.53
7246.77
3.52673
9621.68
0
7246.77
3.52673
9621.68
7576.1
-0.0857544
9579.57
7565.31
-11.4673
9173.81
0
7246.77
3.52673
9621.68
7254.94
3.12756
9757.07
7576.1
-0.0857544
9579.57
0
7254.94
3.12756
9757.07
7616.88
0.48938
9772.16
7576.1
-0.0857544
9579.57
0
7254.94
3.12756
9757.07
7170.84
3.12769
9830.87
7616.88
0.48938
9772.16
0
7254.94
3.12756
9757.07
7170.84
3.12769
9830.87
7159.82
3.12769
9761.09
0
7157.64
4.57275
10178
7616.88
0.48938
9772.16
7170.84
3.12769
9830.87
0
7014.19
2.64697
9946.96
7157.64
4.57275
10178
7170.84
3.12769
9830.87
0
6992.16
2.64709
9845.09
7014.19
2.64697
9946.96
7170.84
3.12769
9830.87
0
7014.19
2.64697
9946.96
7004.24
4.573
10061.7
7157.64
4.57275
10178
0
7004.24
4.573
10061.7
6999.24
4.57275
10174.6
7157.64
4.57275
10178
0
7157.64
4.57275
10178
7615.43
-0.0498047
10234.1
7616.88
0.48938
9772.16
0
7157.64
4.57275
10178
7261.83
3.07446
10324.6
7615.43
-0.0498047
10234.1
0
7157.64
4.57275
10178
7173.5
3.07458
10311.2
7261.83
3.07446
10324.6
0
7616.88
0.48938
9772.16
7615.43
-0.0498047
10234.1
7815.74
-0.0532227
9784.15
0
7615.43
-0.0498047
10234.1
7816.13
0.0450439
10226.9
7815.74
-0.0532227
9784.15
0
7261.83
3.07446
10324.6
7614.85
2.93555
10534.5
7615.43
-0.0498047
10234.1
0
7261.83
3.07446
10324.6
7260.74
0.462158
10453.6
7614.85
2.93555
10534.5
0
7260.74
0.462158
10453.6
7160.94
0.244751
10592.2
7614.85
2.93555
10534.5
0
7166.96
0.490601
10455.6
7160.94
0.244751
10592.2
7260.74
0.462158
10453.6
0
7160.94
0.244751
10592.2
7171.46
4.85242
10954
7614.85
2.93555
10534.5
0
7171.46
4.85242
10954
7621.56
2.79358
11000.2
7614.85
2.93555
10534.5
0
7022.32
4.85242
10939.8
7171.46
4.85242
10954
7160.94
0.244751
10592.2
0
7021.97
0.164917
10614.3
7022.32
4.85242
10939.8
7160.94
0.244751
10592.2
0
7171.46
4.85242
10954
7255.2
2.57288
11085.2
7621.56
2.79358
11000.2
0
7823.07
0.0388184
10994.8
7621.56
2.79358
11000.2
7614.85
2.93555
10534.5
0
7614.85
2.93555
10534.5
7823.07
0.0388184
10994.8
7824.06
-0.0491943
10544.7
0
7171.46
4.85242
10954
7168.36
2.57275
11085
7255.2
2.57288
11085.2
0
7255.2
2.57288
11085.2
7335.05
3.01526
11235.7
7621.56
2.79358
11000.2
0
7621.56
2.79358
11000.2
7335.05
3.01526
11235.7
7627.19
0.473877
11308.6
0
7335.05
3.01526
11235.7
7404.17
6.80603
11362.1
7627.19
0.473877
11308.6
0
7404.17
6.80603
11362.1
7522.02
2.65796
11427.8
7627.19
0.473877
11308.6
0
7627.19
0.473877
11308.6
7522.02
2.65796
11427.8
7810.31
5.62048
11311.7
0
7522.02
2.65796
11427.8
7531.14
-0.0994873
11601.5
7810.31
5.62048
11311.7
0
7531.14
-0.0994873
11601.5
7820.54
0.034668
11764.1
7810.31
5.62048
11311.7
0
7531.14
-0.0994873
11601.5
7617.16
-0.0377197
11767
7820.54
0.034668
11764.1
0
7389.6
0.186157
11601.2
7617.16
-0.0377197
11767
7531.14
-0.0994873
11601.5
0
7389.6
0.186157
11601.2
7169.52
2.67969
11709.8
7617.16
-0.0377197
11767
0
7336.45
4.03796
11498.3
7169.52
2.67969
11709.8
7389.6
0.186157
11601.2
0
7016.04
3.77759
11592.7
7169.52
2.67969
11709.8
7336.45
4.03796
11498.3
0
7216.24
3.20801
11413.4
7016.04
3.77759
11592.7
7336.45
4.03796
11498.3
0
7006.07
2.14612
11377.8
7016.04
3.77759
11592.7
7216.24
3.20801
11413.4
0
7169.52
2.67969
11709.8
7585.98
2.39807
11976.3
7617.16
-0.0377197
11767
0
7169.52
2.67969
11709.8
7190.34
2.85205
12094
7585.98
2.39807
11976.3
0
7190.34
2.85205
12094
7210.09
0.52063
12261.3
7585.98
2.39807
11976.3
0
7210.09
0.52063
12261.3
7563.3
-0.036377
12242.1
7585.98
2.39807
11976.3
0
7211.03
0.395752
13427.7
7563.3
-0.036377
12242.1
7210.09
0.52063
12261.3
0
7211.03
0.395752
13427.7
7567.42
0.020874
13400.6
7563.3
-0.036377
12242.1
0
7211.03
0.395752
13427.7
7179.66
2.4436
13925.7
7567.42
0.020874
13400.6
0
7179.66
2.4436
13925.7
7469.67
3.698
13912.2
7567.42
0.020874
13400.6
0
7179.66
2.4436
13925.7
7317.68
3.69812
13954.4
7469.67
3.698
13912.2
0
7567.42
0.020874
13400.6
7469.67
3.698
13912.2
7593.64
-11.4675
13794.4
0
7179.66
2.4436
13925.7
7318.26
17.4562
14097.9
7317.68
3.69812
13954.4
0
7179.66
2.4436
13925.7
7175.5
0.00299072
14132
7318.26
17.4562
14097.9
0
6752.05
3.85339
13978.5
7175.5
0.00299072
14132
7179.66
2.4436
13925.7
0
6759.31
3.85345
13923.9
6752.05
3.85339
13978.5
7179.66
2.4436
13925.7
0
6752.05
3.85339
13978.5
6755.34
3.85339
14083.4
7175.5
0.00299072
14132
0
6755.34
3.85339
14083.4
6752.41
3.85345
14125.5
7175.5
0.00299072
14132
0
7175.5
0.00299072
14132
7308.12
4.07349
14249
7318.26
17.4562
14097.9
0
7175.5
0.00299072
14132
7180.38
0.825317
14245.9
7308.12
4.07349
14249
0
7318.26
17.4562
14097.9
7308.12
4.07349
14249
7467.76
3.98608
14108.7
0
7308.12
4.07349
14249
7499.94
4.07312
14244.2
7467.76
3.98608
14108.7
0
7308.12
4.07349
14249
7348.92
3.21655
14677.5
7499.94
4.07312
14244.2
0
7348.92
3.21655
14677.5
7454.86
3.21655
14676.6
7499.94
4.07312
14244.2
0
7308.12
4.07349
14249
7297.71
3.21655
14677.8
7348.92
3.21655
14677.5
0
7454.86
3.21655
14676.6
7487.98
3.21667
14678.9
7499.94
4.07312
14244.2
0
7561.16
3.69812
13994.9
7593.64
-11.4675
13794.4
7469.67
3.698
13912.2
0
7499.94
4.07312
14244.2
7561.16
3.69812
13994.9
7467.76
3.98608
14108.7
0
7561.16
3.69812
13994.9
8024.63
-0.00817871
13844.6
7593.64
-11.4675
13794.4
0
8041.67
0.0709229
14234.1
7561.16
3.69812
13994.9
7499.94
4.07312
14244.2
0
8041.67
0.0709229
14234.1
8024.63
-0.00817871
13844.6
7561.16
3.69812
13994.9
0
8384.12
3.66895
14177.5
8024.63
-0.00817871
13844.6
8041.67
0.0709229
14234.1
0
8384.12
3.66895
14177.5
8433.85
0.0592041
13846.9
8024.63
-0.00817871
13844.6
0
9194.66
0.361572
14192.8
8433.85
0.0592041
13846.9
8384.12
3.66895
14177.5
0
9194.66
0.361572
14192.8
9190.16
0.0249023
13844.3
8433.85
0.0592041
13846.9
0
9190.16
0.0249023
13844.3
9194.66
0.361572
14192.8
9763.71
4.48383
13884.5
0
9194.66
0.361572
14192.8
9589.13
2.93732
14219.6
9763.71
4.48383
13884.5
0
9763.71
4.48383
13884.5
9589.13
2.93732
14219.6
9795.14
4.57288
14212.1
0
9638.45
2.93738
14410.2
9589.13
2.93732
14219.6
9795.14
4.57288
14212.1
0
9638.45
2.93738
14410.2
9743.82
2.93732
14417.1
9795.14
4.57288
14212.1
0
9583.49
2.93726
14412.4
9638.45
2.93738
14410.2
9589.13
2.93732
14219.6
0
9743.82
2.93732
14417.1
9785.61
2.93726
14410.2
9795.14
4.57288
14212.1
0
9795.14
4.57288
14212.1
10233.1
0.689819
14248.7
9763.71
4.48383
13884.5
0
10233.1
0.689819
14248.7
10340.1
2.33685
13813.9
9763.71
4.48383
13884.5
0
10340.1
2.33685
13813.9
10233.1
0.689819
14248.7
10673.3
0.141113
13928
0
10340.1
2.33685
13813.9
10673.3
0.141113
13928
10548.9
-0.00634766
13800.9
0
10548.9
-0.00634766
13800.9
10673.3
0.141113
13928
10674.2
0.0786133
13814.2
0
10673.3
0.141113
13928
10233.1
0.689819
14248.7
10675.7
0.427856
14118.1
0
10237.3
3.93335
14673.7
10675.7
0.427856
14118.1
10233.1
0.689819
14248.7
0
10237.3
3.93335
14673.7
10624.2
3.01788
14768.8
10675.7
0.427856
14118.1
0
10624.2
3.01788
14768.8
10680.3
3.01782
14740.9
10675.7
0.427856
14118.1
0
10236
2.54181
14878.2
10624.2
3.01788
14768.8
10237.3
3.93335
14673.7
0
10340.1
2.33685
13813.9
10548.9
-0.00634766
13800.9
10561.4
0.211548
13232.4
0
10355.2
-0.629395
13234.2
10340.1
2.33685
13813.9
10561.4
0.211548
13232.4
0
10425.1
0.125488
13033.3
10355.2
-0.629395
13234.2
10561.4
0.211548
13232.4
0
9836.04
1.79211
13221.9
10355.2
-0.629395
13234.2
10425.1
0.125488
13033.3
0
9844.33
-0.0123291
13033.7
9836.04
1.79211
13221.9
10425.1
0.125488
13033.3
0
10561.4
0.211548
13232.4
11466.6
14.873
13023.8
10425.1
0.125488
13033.3
0
10561.4
0.211548
13232.4
11256.9
0.752808
13229.9
11466.6
14.873
13023.8
0
11249.5
2.63318
13931.2
11466.6
14.873
13023.8
11256.9
0.752808
13229.9
0
11249.5
2.63318
13931.2
11452.6
-0.214355
14037.3
11466.6
14.873
13023.8
0
11255
2.12964
14119.5
11452.6
-0.214355
14037.3
11249.5
2.63318
13931.2
0
11256.5
1.69055
14715.6
11452.6
-0.214355
14037.3
11255
2.12964
14119.5
0
11256.5
1.69055
14715.6
11448.9
0.165894
14737.8
11452.6
-0.214355
14037.3
0
11255
2.12964
14119.5
11249.5
2.63318
13931.2
10675.7
0.427856
14118.1
0
10675.7
0.427856
14118.1
11249.5
2.63318
13931.2
10673.3
0.141113
13928
0
10058.9
2.54187
14840.2
10236
2.54181
14878.2
10237.3
3.93335
14673.7
0
10064.2
2.54187
14738.2
10058.9
2.54187
14840.2
10237.3
3.93335
14673.7
0
10302.5
3.52679
15735.3
10624.2
3.01788
14768.8
10236
2.54181
14878.2
0
10236
2.54181
14878.2
10239.5
3.52667
15721.8
10302.5
3.52679
15735.3
0
10624.2
3.01788
14768.8
10302.5
3.52679
15735.3
10630.5
-0.100098
15678.1
0
10630.5
-0.100098
15678.1
10302.5
3.52679
15735.3
10686.7
5.28589
15884.7
0
10302.5
3.52679
15735.3
10307.8
3.12769
15882.3
10686.7
5.28589
15884.7
0
10307.8
3.12769
15882.3
10597.4
3.70526
16009.5
10686.7
5.28589
15884.7
0
10686.7
5.28589
15884.7
10597.4
3.70526
16009.5
10871.4
-0.0471191
15901.3
0
10597.4
3.70526
16009.5
10684.3
-0.00012207
16068
10871.4
-0.0471191
15901.3
0
10684.3
-0.00012207
16068
10863.2
-0.0113525
16346.2
10871.4
-0.0471191
15901.3
0
10684.3
-0.00012207
16068
10624.8
15.0365
16215.7
10863.2
-0.0113525
16346.2
0
10624.8
15.0365
16215.7
10672.9
0.0234375
16345.1
10863.2
-0.0113525
16346.2
0
10307.8
3.12769
15882.3
10446.4
3.7052
16060.3
10597.4
3.70526
16009.5
0
10307.8
3.12769
15882.3
10227.4
3.12769
15950.3
10446.4
3.7052
16060.3
0
10216.3
3.12744
15883.1
10227.4
3.12769
15950.3
10307.8
3.12769
15882.3
0
10227.4
3.12769
15950.3
10446.4
3.7052
16060.3
10420.6
15.0367
16172.9
0
10227.4
3.12769
15950.3
10062.5
2.64703
16071
10420.6
15.0367
16172.9
0
10060.5
2.64703
15963.2
10062.5
2.64703
16071
10227.4
3.12769
15950.3
0
10062.5
2.64703
16071
10068.6
4.573
16184.2
10420.6
15.0367
16172.9
0
10068.6
4.573
16184.2
10233
0.644043
16303.8
10420.6
15.0367
16172.9
0
10068.6
4.573
16184.2
10055
4.57294
16299.3
10233
0.644043
16303.8
0
10420.6
15.0367
16172.9
10233
0.644043
16303.8
10456.1
15.0367
16216.9
0
10456.1
15.0367
16216.9
10233
0.644043
16303.8
10672.9
0.0234375
16345.1
0
10456.1
15.0367
16216.9
10672.9
0.0234375
16345.1
10624.8
15.0365
16215.7
0
10233
0.644043
16303.8
10305
3.07434
16443.3
10672.9
0.0234375
16345.1
0
10305
3.07434
16443.3
10684.4
2.93573
16662.4
10672.9
0.0234375
16345.1
0
10305
3.07434
16443.3
10297.3
0.456665
16576
10684.4
2.93573
16662.4
0
10233
0.644043
16303.8
10235.7
3.0744
16438.2
10305
3.07434
16443.3
0
10297.3
0.456665
16576
10209.7
0.289673
16719.6
10684.4
2.93573
16662.4
0
10217.1
0.0430908
16581.5
10209.7
0.289673
16719.6
10297.3
0.456665
16576
0
10209.7
0.289673
16719.6
10684.7
2.79346
17119.5
10684.4
2.93573
16662.4
0
10209.7
0.289673
16719.6
10223.5
4.85242
17074.5
10684.7
2.79346
17119.5
0
10082.2
0.220947
16723.2
10223.5
4.85242
17074.5
10209.7
0.289673
16719.6
0
10082.2
0.220947
16723.2
10087
4.8526
17061
10223.5
4.85242
17074.5
0
10223.5
4.85242
17074.5
10304.6
2.57312
17208.4
10684.7
2.79346
17119.5
0
10223.5
4.85242
17074.5
10228.2
2.57312
17205.1
10304.6
2.57312
17208.4
0
10684.4
2.93573
16662.4
10684.7
2.79346
17119.5
10880.2
5.28589
16659.4
0
10684.7
2.79346
17119.5
10883.5
0.0297852
17122.2
10880.2
5.28589
16659.4
0
10304.6
2.57312
17208.4
10388.9
3.01538
17346
10684.7
2.79346
17119.5
0
10388.9
3.01538
17346
10674.1
0.539673
17424.9
10684.7
2.79346
17119.5
0
10388.9
3.01538
17346
10454.3
6.80591
17488.4
10674.1
0.539673
17424.9
0
10454.3
6.80591
17488.4
10590.6
2.65771
17579.3
10674.1
0.539673
17424.9
0
10674.1
0.539673
17424.9
10590.6
2.65771
17579.3
10877.2
5.62036
17429.5
0
10590.6
2.65771
17579.3
10874.3
0.0371094
17884.2
10877.2
5.62036
17429.5
0
10590.6
2.65771
17579.3
10589.7
-0.0966797
17720
10874.3
0.0371094
17884.2
0
10589.7
-0.0966797
17720
10676.7
-0.0668945
17884
10874.3
0.0371094
17884.2
0
10445.4
0.179077
17721.1
10676.7
-0.0668945
17884
10589.7
-0.0966797
17720
0
10233.6
2.67957
17828.7
10676.7
-0.0668945
17884
10445.4
0.179077
17721.1
0
10389.1
3.84192
17583.6
10233.6
2.67957
17828.7
10445.4
0.179077
17721.1
0
10064
3.20801
17599.9
10233.6
2.67957
17828.7
10389.1
3.84192
17583.6
0
10064
3.20801
17599.9
10051.5
3.77771
17827.5
10233.6
2.67957
17828.7
0
10231
3.20801
17502.9
10064
3.20801
17599.9
10389.1
3.84192
17583.6
0
10079.2
3.20801
17493.8
10064
3.20801
17599.9
10231
3.20801
17502.9
0
10233.6
2.67957
17828.7
10642.4
2.39807
18095.5
10676.7
-0.0668945
17884
0
10233.6
2.67957
17828.7
10232.3
0.495422
18382.5
10642.4
2.39807
18095.5
0
10271.3
4.80731
18686.8
10642.4
2.39807
18095.5
10232.3
0.495422
18382.5
0
10271.3
4.80731
18686.8
10625.8
-0.110352
18960.5
10642.4
2.39807
18095.5
0
10274.4
4.61627
19027.8
10625.8
-0.110352
18960.5
10271.3
4.80731
18686.8
0
10226.1
2.3042
19348.5
10625.8
-0.110352
18960.5
10274.4
4.61627
19027.8
0
10226.1
2.3042
19348.5
10706.3
2.77161
19283.6
10625.8
-0.110352
18960.5
0
10226.1
2.3042
19348.5
10694.6
2.77173
19355.3
10706.3
2.77161
19283.6
0
10706.3
2.77161
19283.6
10906.8
-0.0615234
18964.6
10625.8
-0.110352
18960.5
0
10706.3
2.77161
19283.6
10845.2
3.08423
19272
10906.8
-0.0615234
18964.6
0
10845.2
3.08423
19272
11306
4.1842
19326.4
10906.8
-0.0615234
18964.6
0
10845.2
3.08423
19272
10844.8
3.08411
19359.1
11306
4.1842
19326.4
0
10906.8
-0.0615234
18964.6
11306
4.1842
19326.4
11705.6
0.160034
18960.7
0
11306
4.1842
19326.4
11505.1
3.29663
19343.7
11705.6
0.160034
18960.7
0
11505.1
3.29663
19343.7
11706.6
0.178467
19852.1
11705.6
0.160034
18960.7
0
11521.4
2.59485
19659.5
11706.6
0.178467
19852.1
11505.1
3.29663
19343.7
0
11510.6
2.59473
19848.1
11706.6
0.178467
19852.1
11521.4
2.59485
19659.5
0
11321.7
2.13782
19713.5
11510.6
2.59473
19848.1
11521.4
2.59485
19659.5
0
11321.7
2.13782
19713.5
11318.3
2.1377
19809.4
11510.6
2.59473
19848.1
0
11318.3
2.1377
19809.4
11332.7
2.59485
19858.8
11510.6
2.59473
19848.1
0
11335.3
2.1377
19665
11321.7
2.13782
19713.5
11521.4
2.59485
19659.5
0
11505.6
0.440674
20169.1
11706.6
0.178467
19852.1
11510.6
2.59473
19848.1
0
11505.6
0.440674
20169.1
11709.7
-0.298889
20402
11706.6
0.178467
19852.1
0
11505.7
-2.89453
20381
11709.7
-0.298889
20402
11505.6
0.440674
20169.1
0
11505.6
0.440674
20169.1
11331.6
2.1377
20224
11505.7
-2.89453
20381
0
11331.6
2.1377
20224
11332.8
2.13776
20323.9
11505.7
-2.89453
20381
0
11332.8
2.13776
20323.9
11341.3
2.13763
20369.3
11505.7
-2.89453
20381
0
11335
2.1377
20170.2
11331.6
2.1377
20224
11505.6
0.440674
20169.1
0
11670.4
-34.9
20522.4
11709.7
-0.298889
20402
11505.7
-2.89453
20381
0
11502.5
0.19812
20694.8
11670.4
-34.9
20522.4
11505.7
-2.89453
20381
0
11502.5
0.19812
20694.8
11668.5
-18.8436
20671.5
11670.4
-34.9
20522.4
0
11502.5
0.19812
20694.8
11701.4
0.469055
20738.7
11668.5
-18.8436
20671.5
0
11500.7
0.571472
20875.2
11701.4
0.469055
20738.7
11502.5
0.19812
20694.8
0
11496.5
3.02112
21165.9
11701.4
0.469055
20738.7
11500.7
0.571472
20875.2
0
11496.5
3.02112
21165.9
11703.7
3.021
21156.9
11701.4
0.469055
20738.7
0
11496.5
3.02112
21165.9
11552.6
3.02106
21184.3
11703.7
3.021
21156.9
0
11552.6
3.02106
21184.3
11643.6
3.02106
21183.6
11703.7
3.021
21156.9
0
11502.5
0.19812
20694.8
11195.5
3.95355
20872.8
11500.7
0.571472
20875.2
0
11010
3.39313
20679.5
11195.5
3.95355
20872.8
11502.5
0.19812
20694.8
0
11003.9
5.00879
20942
11195.5
3.95355
20872.8
11010
3.39313
20679.5
0
11166.6
-0.589294
21168.6
11195.5
3.95355
20872.8
11003.9
5.00879
20942
0
11006.7
5.00891
21155.7
11166.6
-0.589294
21168.6
11003.9
5.00879
20942
0
11006.7
5.00891
21155.7
11003.9
5.00879
20942
10681.6
4.13025
20939.5
0
10479.5
4.13031
21181.4
11006.7
5.00891
21155.7
10681.6
4.13025
20939.5
0
10479.5
4.13031
21181.4
10681.6
4.13025
20939.5
10487.2
4.13007
20881.1
0
10681.6
4.13025
20939.5
10676
-0.0526123
20689.5
10487.2
4.13007
20881.1
0
10487.2
4.13007
20881.1
10676
-0.0526123
20689.5
10171.3
0.0222778
20679.4
0
10172.7
0.170105
20874.4
10487.2
4.13007
20881.1
10171.3
0.0222778
20679.4
0
9969.12
2.63452
20881.6
10172.7
0.170105
20874.4
10171.3
0.0222778
20679.4
0
9969.12
2.63452
20881.6
10171.3
0.0222778
20679.4
9969.43
2.63458
20684.2
0
10024.5
2.13776
21184.4
10172.7
0.170105
20874.4
9969.12
2.63452
20881.6
0
10118.8
2.1377
21186
10172.7
0.170105
20874.4
10024.5
2.13776
21184.4
0
10118.8
2.1377
21186
10176.2
3.87622
21171
10172.7
0.170105
20874.4
0
9963.74
3.87634
21169.3
10024.5
2.13776
21184.4
9969.12
2.63452
20881.6
0
9850.85
2.63464
20732.2
9969.12
2.63452
20881.6
9969.43
2.63458
20684.2
0
9850.85
2.63464
20732.2
9864.04
2.63452
20838.2
9969.12
2.63452
20881.6
0
9866.1
2.13776
20680
9850.85
2.63464
20732.2
9969.43
2.63458
20684.2
0
9864.04
2.63452
20838.2
9871.38
2.63458
20883.2
9969.12
2.63452
20881.6
0
10177.4
0.17981
20360.2
9969.43
2.63458
20684.2
10171.3
0.0222778
20679.4
0
10177.4
0.17981
20360.2
9978.73
0.629639
20352.5
9969.43
2.63458
20684.2
0
10001.3
0.0146484
19961.9
9978.73
0.629639
20352.5
10177.4
0.17981
20360.2
0
10001.3
0.0146484
19961.9
10177.4
0.17981
20360.2
10500.8
5.98462
19951.6
0
10177.4
0.17981
20360.2
10504.4
-0.00012207
20369.4
10500.8
5.98462
19951.6
0
9203.37
0.0536499
19960.6
9978.73
0.629639
20352.5
10001.3
0.0146484
19961.9
0
9203.37
0.0536499
19960.6
9191.41
-11.4673
20327.7
9978.73
0.629639
20352.5
0
8202.31
1.90042
20095.4
9191.41
-11.4673
20327.7
9203.37
0.0536499
19960.6
0
8202.31
1.90042
20095.4
8205.55
-0.240021
20317.9
9191.41
-11.4673
20327.7
0
8212.26
0.0203857
19971.8
8202.31
1.90042
20095.4
9203.37
0.0536499
19960.6
0
8205.55
-0.240021
20317.9
8210.9
-0.197388
20442.8
9191.41
-11.4673
20327.7
0
8210.9
-0.197388
20442.8
9187.87
0.120483
20450.2
9191.41
-11.4673
20327.7
0
8004.85
-60.7186
20113.1
8205.55
-0.240021
20317.9
8202.31
1.90042
20095.4
0
8004.85
-60.7186
20113.1
8008.86
-60.7184
20300.7
8205.55
-0.240021
20317.9
0
7449.9
-63.7427
19980.2
8008.86
-60.7184
20300.7
8004.85
-60.7186
20113.1
0
7449.9
-63.7427
19980.2
7444.29
-61.4713
20438.3
8008.86
-60.7184
20300.7
0
7449.9
-63.7427
19980.2
8004.85
-60.7186
20113.1
8026.73
-63.7776
19975.9
0
7444.29
-61.4713
20438.3
8028.64
-63.7258
20436.4
8008.86
-60.7184
20300.7
0
7298.47
-63.7958
19981.8
7444.29
-61.4713
20438.3
7449.9
-63.7427
19980.2
0
7298.47
-63.7958
19981.8
7276.76
-75.2173
20439.1
7444.29
-61.4713
20438.3
0
7167.55
-63.6998
19986.5
7276.76
-75.2173
20439.1
7298.47
-63.7958
19981.8
0
7167.55
-63.6998
19986.5
7172.97
-63.9485
20435.6
7276.76
-75.2173
20439.1
0
7481.86
0.0928955
19796.7
7298.47
-63.7958
19981.8
7449.9
-63.7427
19980.2
0
7481.86
0.0928955
19796.7
7298.6
0.235657
19804.1
7298.47
-63.7958
19981.8
0
7172.85
0.0595093
19523.4
7298.6
0.235657
19804.1
7481.86
0.0928955
19796.7
0
7600.42
-0.154968
19523.9
7172.85
0.0595093
19523.4
7481.86
0.0928955
19796.7
0
7600.42
-0.154968
19523.9
7481.86
0.0928955
19796.7
7630.62
0.172913
19813.6
0
8145.73
0.173401
19528.6
7600.42
-0.154968
19523.9
7630.62
0.172913
19813.6
0
8145.73
0.173401
19528.6
7630.62
0.172913
19813.6
8147.13
0.30835
19947.4
0
7630.62
0.172913
19813.6
7636.8
0.137146
19937.3
8147.13
0.30835
19947.4
0
7172.85
0.0595093
19523.4
7141.47
0.250916
19800.1
7298.6
0.235657
19804.1
0
7172.85
0.0595093
19523.4
6825.69
-0.0219727
19545.2
7141.47
0.250916
19800.1
0
6825.69
-0.0219727
19545.2
6827.1
0.886963
19958.1
7141.47
0.250916
19800.1
0
6827.1
0.886963
19958.1
7117.25
0.161865
20013.7
7141.47
0.250916
19800.1
0
6827.1
0.886963
19958.1
6831.4
2.03833
20501.7
7117.25
0.161865
20013.7
0
6831.4
2.03833
20501.7
7106.31
0.533569
20487.2
7117.25
0.161865
20013.7
0
6831.4
2.03833
20501.7
7127.94
0.197266
20594.7
7106.31
0.533569
20487.2
0
6831.4
2.03833
20501.7
6787.23
-0.0373535
20926.4
7127.94
0.197266
20594.7
0
6787.23
-0.0373535
20926.4
7062.45
0.000366211
20912.7
7127.94
0.197266
20594.7
0
7062.45
0.000366211
20912.7
7270.72
18.3508
20617.5
7127.94
0.197266
20594.7
0
7062.45
0.000366211
20912.7
7298.7
-0.0130005
20932.7
7270.72
18.3508
20617.5
0
7298.7
-0.0130005
20932.7
7483.8
0.0536194
20621.4
7270.72
18.3508
20617.5
0
7298.7
-0.0130005
20932.7
7476.09
0.426758
20936.4
7483.8
0.0536194
20621.4
0
7615.5
0.146118
20604.5
7483.8
0.0536194
20621.4
7476.09
0.426758
20936.4
0
8142.71
-0.0426025
20952.8
7615.5
0.146118
20604.5
7476.09
0.426758
20936.4
0
8142.71
-0.0426025
20952.8
8134.66
0.347656
20474.7
7615.5
0.146118
20604.5
0
8134.66
0.347656
20474.7
7628.98
0.408813
20483.7
7615.5
0.146118
20604.5
0
7306.84
-0.100342
21034.1
7476.09
0.426758
20936.4
7298.7
-0.0130005
20932.7
0
7306.84
-0.100342
21034.1
7481.48
-0.11557
21045.7
7476.09
0.426758
20936.4
0
7481.48
-0.11557
21045.7
7306.84
-0.100342
21034.1
7166.87
7.3244
21442.2
0
7481.48
-0.11557
21045.7
7166.87
7.3244
21442.2
7589.58
0.045166
21440
0
7568.07
0.0169067
21060.4
7481.48
-0.11557
21045.7
7589.58
0.045166
21440
0
7306.84
-0.100342
21034.1
7153.08
0.293457
21057.4
7166.87
7.3244
21442.2
0
7243.37
3.52673
21851.9
7589.58
0.045166
21440
7166.87
7.3244
21442.2
0
7171.19
3.52661
21841
7243.37
3.52673
21851.9
7166.87
7.3244
21442.2
0
7243.37
3.52673
21851.9
7575.15
0.0614014
21837.2
7589.58
0.045166
21440
0
7243.37
3.52673
21851.9
7255.56
3.12756
22000.2
7575.15
0.0614014
21837.2
0
7255.56
3.12756
22000.2
7615.05
0.472168
22009.2
7575.15
0.0614014
21837.2
0
7255.56
3.12756
22000.2
7621.04
-0.176025
22457
7615.05
0.472168
22009.2
0
7255.56
3.12756
22000.2
7246.77
3.07446
22560.9
7621.04
-0.176025
22457
0
7255.56
3.12756
22000.2
7172.65
3.12769
22077.1
7246.77
3.07446
22560.9
0
7172.65
3.12769
22077.1
7172
0.635254
22421.1
7246.77
3.07446
22560.9
0
7163.75
3.12769
22001.4
7172.65
3.12769
22077.1
7255.56
3.12756
22000.2
0
7172
0.635254
22421.1
7173.98
3.07446
22557.2
7246.77
3.07446
22560.9
0
7002.97
2.64709
22197.7
7172
0.635254
22421.1
7172.65
3.12769
22077.1
0
7002.97
2.64709
22197.7
6997.08
4.57288
22294.2
7172
0.635254
22421.1
0
6995.68
2.64685
22073.9
7002.97
2.64709
22197.7
7172.65
3.12769
22077.1
0
6997.08
4.57288
22294.2
6993.86
4.573
22416.7
7172
0.635254
22421.1
0
7615.05
0.472168
22009.2
7621.04
-0.176025
22457
7817.5
-0.0493164
22021.3
0
7811.78
0.0388184
22473.6
7817.5
-0.0493164
22021.3
7621.04
-0.176025
22457
0
7246.77
3.07446
22560.9
7618.99
2.93573
22785.2
7621.04
-0.176025
22457
0
7246.77
3.07446
22560.9
7244.91
0.468872
22699.2
7618.99
2.93573
22785.2
0
7244.91
0.468872
22699.2
7162.21
-6.2594
22838.7
7618.99
2.93573
22785.2
0
7162.58
0.057373
22701.4
7162.21
-6.2594
22838.7
7244.91
0.468872
22699.2
0
7162.21
-6.2594
22838.7
7626.23
2.79358
23242.2
7618.99
2.93573
22785.2
0
7162.21
-6.2594
22838.7
7167
4.85242
23192.7
7626.23
2.79358
23242.2
0
7028.14
0.20697
22847.3
7167
4.85242
23192.7
7162.21
-6.2594
22838.7
0
7028.14
0.20697
22847.3
7035.07
4.85236
23178.8
7167
4.85242
23192.7
0
7618.99
2.93573
22785.2
7626.23
2.79358
23242.2
7812.36
-0.0380859
22780.1
0
7626.23
2.79358
23242.2
7815.36
0.0325928
23242.6
7812.36
-0.0380859
22780.1
0
7167
4.85242
23192.7
7245.63
2.573
23328.4
7626.23
2.79358
23242.2
0
7167
4.85242
23192.7
7168.33
2.573
23325.4
7245.63
2.573
23328.4
0
7245.63
2.573
23328.4
7621.83
0.50354
23547.3
7626.23
2.79358
23242.2
0
7245.63
2.573
23328.4
7333.87
2.62244
23483.5
7621.83
0.50354
23547.3
0
7333.87
2.62244
23483.5
7405.42
6.80603
23602.3
7621.83
0.50354
23547.3
0
7405.42
6.80603
23602.3
7545.6
2.65796
23716.9
7621.83
0.50354
23547.3
0
7621.83
0.50354
23547.3
7545.6
2.65796
23716.9
7811.51
5.62012
23551.2
0
7545.6
2.65796
23716.9
7817.17
0.0386963
24001.8
7811.51
5.62012
23551.2
0
7545.6
2.65796
23716.9
7541.81
-0.0983887
23839.9
7817.17
0.0386963
24001.8
0
7541.81
-0.0983887
23839.9
7628.18
-0.188599
24005.5
7817.17
0.0386963
24001.8
0
7541.81
-0.0983887
23839.9
7477.52
1.42969
23893.1
7628.18
-0.188599
24005.5
0
7628.18
-0.188599
24005.5
7477.52
1.42969
23893.1
7572.07
2.39807
24220.5
0
7477.52
1.42969
23893.1
7173.92
2.67957
23951.4
7572.07
2.39807
24220.5
0
7477.52
1.42969
23893.1
7397.12
0.24585
23845.1
7173.92
2.67957
23951.4
0
7375.07
0.0164795
23738.5
7173.92
2.67957
23951.4
7397.12
0.24585
23845.1
0
7184.03
3.20801
23637.4
7173.92
2.67957
23951.4
7375.07
0.0164795
23738.5
0
7007.72
3.20801
23631.1
7173.92
2.67957
23951.4
7184.03
3.20801
23637.4
0
7007.72
3.20801
23631.1
6996.88
3.77771
23943.6
7173.92
2.67957
23951.4
0
7267.42
0.417847
24480.3
7572.07
2.39807
24220.5
7173.92
2.67957
23951.4
0
7164.5
0.11853
24480.1
7267.42
0.417847
24480.3
7173.92
2.67957
23951.4
0
7267.42
0.417847
24480.3
7578.24
0
24512.4
7572.07
2.39807
24220.5
0
7266.01
2.36133
24793.8
7578.24
0
24512.4
7267.42
0.417847
24480.3
0
7503.74
0.287964
25081.3
7578.24
0
24512.4
7266.01
2.36133
24793.8
0
7289.98
0
25097.1
7503.74
0.287964
25081.3
7266.01
2.36133
24793.8
0
7195.45
0
25067
7289.98
0
25097.1
7266.01
2.36133
24793.8
0
7163.82
2.36133
24823.2
7195.45
0
25067
7266.01
2.36133
24793.8
0
7503.74
0.287964
25081.3
7616.78
1.5083
25079
7578.24
0
24512.4
0
7503.74
0.287964
25081.3
7289.98
0
25097.1
7293.95
0
26037.5
0
7293.95
0
26037.5
7499.53
1.50827
26052.5
7503.74
0.287964
25081.3
0
7273.68
9.19513
26430.1
7499.53
1.50827
26052.5
7293.95
0
26037.5
0
7273.68
9.19513
26430.1
7510.34
-6.10352e-005
26443.6
7499.53
1.50827
26052.5
0
7510.34
-6.10352e-005
26443.6
8064.34
5.09143
26416.7
7499.53
1.50827
26052.5
0
8064.34
5.09143
26416.7
8157.12
-6.10352e-005
26038.5
7499.53
1.50827
26052.5
0
8064.34
5.09143
26416.7
8236.54
5.09137
26420.8
8157.12
-6.10352e-005
26038.5
0
8236.54
5.09137
26420.8
8582.08
1.5083
26378.8
8157.12
-6.10352e-005
26038.5
0
8582.08
1.5083
26378.8
8602.86
2.27875
26045.2
8157.12
-6.10352e-005
26038.5
0
7510.34
-6.10352e-005
26443.6
7273.68
9.19513
26430.1
7533.43
0
26553.6
0
7273.68
9.19513
26430.1
7276.05
9.19531
26558.3
7533.43
0
26553.6
0
7533.43
0
26553.6
7276.05
9.19531
26558.3
7264.01
2.36127
26941.8
0
8053.54
-6.10352e-005
26568.4
7533.43
0
26553.6
7264.01
2.36127
26941.8
0
8551.1
1.50824
26906.1
8053.54
-6.10352e-005
26568.4
7264.01
2.36127
26941.8
0
8551.1
1.50824
26906.1
8241.47
-3.05176e-005
26568.1
8053.54
-6.10352e-005
26568.4
0
8551.1
1.50824
26906.1
8537.46
-6.10352e-005
26558.1
8241.47
-3.05176e-005
26568.1
0
8236.54
5.09137
26420.8
8064.34
5.09143
26416.7
8053.54
-6.10352e-005
26568.4
0
8236.54
5.09137
26420.8
8053.54
-6.10352e-005
26568.4
8241.47
-3.05176e-005
26568.1
0
7264.01
2.36127
26941.8
7276.05
9.19531
26558.3
6730.19
0
26548.7
0
7264.01
2.36127
26941.8
6730.19
0
26548.7
6249.53
-6.10352e-005
26908.6
0
6730.19
0
26548.7
6547.74
-0.00012207
26548.2
6249.53
-6.10352e-005
26908.6
0
6547.74
-0.00012207
26548.2
6245.38
1.50812
26538.4
6249.53
-6.10352e-005
26908.6
0
6730.19
0
26548.7
6547.74
-0.00012207
26548.2
6730.08
-0.00012207
26419.1
0
6730.08
-0.00012207
26419.1
6569.86
2.36133
26415.9
6547.74
-0.00012207
26548.2
0
7273.68
9.19513
26430.1
7293.95
0
26037.5
6730.08
-0.00012207
26419.1
0
7293.95
0
26037.5
6467.62
1.5083
26034.8
6730.08
-0.00012207
26419.1
0
6730.08
-0.00012207
26419.1
6467.62
1.5083
26034.8
6569.86
2.36133
26415.9
0
6238.94
5.21851
26308.5
6569.86
2.36133
26415.9
6467.62
1.5083
26034.8
0
6569.86
2.36133
26415.9
6238.94
5.21851
26308.5
6340.01
2.36145
26395.3
0
6467.62
1.5083
26034.8
6352.89
5.21838
26065
6238.94
5.21851
26308.5
0
6352.89
5.21838
26065
6260.01
5.21826
26139.9
6238.94
5.21851
26308.5
0
6104.12
1.94113
26123.2
6238.94
5.21851
26308.5
6260.01
5.21826
26139.9
0
6104.12
1.94113
26123.2
6104.81
1.94135
26305.5
6238.94
5.21851
26308.5
0
5828.7
-163.738
26070.9
6104.81
1.94135
26305.5
6104.12
1.94113
26123.2
0
5828.7
-163.738
26070.9
5828.98
-162.672
26377.9
6104.81
1.94135
26305.5
0
